"\xD9\x55\xDD\x28\xBF\x59\x49\x29\x93\xE0\xEE\xFA\x50\x6E\x37\x1A"
[41, 50, 8, 18, 40, 58, 5, 17, 44, 49, 8, 20, 34, 51, 7, 29, 46, 49, 10, 25, 41, 62, 4, 31, 46, 49, 9, 16, 33, 63, 11, 26, 43, 55, 7, 20, 40, 62, 7, 21, 46, 60, 13, 16, 35, 57, 1, 31, 32, 59, 7, 26, 38, 57, 11, 25, 38, 48, 6, 29, 42, 53, 6, 29, 43, 53, 12, 17, 45, 52, 5, 16, 40, 48, 9, 27, 46, 63, 13, 26, 32, 53, 11, 23, 40, 48, 14, 18, 35, 60, 0, 21, 36, 55, 10, 19, 36, 56, 5, 30, 35, 49, 13, 22, 37, 56, 2, 24, 40, 55, 1, 18, 41, 49, 2, 19, 38, 61, 7, 30, 34, 57, 7, 19, 36, 56, 4, 24, 46, 59, 9, 24, 40, 57, 0, 30, 34, 51, 2, 26, 41, 50, 15, 24, 0, 27, 45, 60, 13, 28, 42, 53, 4, 22, 45, 57, 4, 24, 39, 49]
[(41, 0.16), (10, 0.19), (25, 0.19), (46, 0.19666666666666668), (31, 0.27), (49, 0.28), (16, 0.325), (4, 0.3628571428571429), (35, 0.38999999999999996), (6, 0.3955555555555555), (33, 0.4033333333333333), (34, 0.42166666666666663), (26, 0.435), (11, 0.43999999999999995), (17, 0.608), (44, 0.6409999999999999)]
[(42, 0.0), (52, 0.03), (12, 0.04), (10, 0.05), (27, 0.21), (43, 0.28), (55, 0.29000000000000004), (37, 0.324), (41, 0.362), (20, 0.365), (7, 0.4075), (40, 0.41), (15, 0.42399999999999993), (46, 0.43), (60, 0.43), (21, 0.43333333333333335), (31, 0.488), (13, 0.5033333333333333), (34, 0.514), (4, 0.5439999999999999), (16, 0.5549999999999999), (6, 0.5569999999999999), (44, 0.5666666666666668), (57, 0.58), (35, 0.6766666666666667)]
"\xF1\x97\xB6\x19\xE5\x54\x51\x10\x3A\xB6\xC0\x0E\x23\x50\xBE\x21"
[43, 50, 10, 17, 45, 63, 13, 18, 38, 50, 14, 23, 37, 63, 6, 18, 37, 55, 4, 29, 47, 48, 2, 26, 46, 56, 1, 19, 37, 61, 10, 24, 42, 62, 2, 28, 40, 61, 15, 28, 47, 48, 10, 29, 46, 51, 12, 22, 42, 50, 11, 17, 39, 58, 6, 24, 42, 49, 5, 27, 35, 58, 2, 25, 37, 50, 4, 26, 33, 48, 2, 23, 41, 53, 7, 17, 36, 50, 9, 31, 47, 49, 14, 18, 45, 52, 14, 21, 40, 56, 3, 19, 35, 48, 10, 31, 35, 48, 7, 19, 33, 60, 5, 16, 43, 63, 9, 30, 34, 58, 11, 28, 46, 49, 15, 16, 36, 59, 1, 20, 36, 58, 0, 16, 47, 48, 4, 22, 44, 59, 7, 27, 44, 61, 7, 27, 47, 53, 0, 17, 43, 61, 4, 29, 11, 21, 44, 55, 3, 23, 43, 58, 10, 29, 41, 48, 13, 26, 39, 52]
[(47, 0.28), (45, 0.3575), (17, 0.36), (13, 0.39249999999999996), (50, 0.4375), (14, 0.445), (38, 0.4549999999999999), (4, 0.4566666666666667), (23, 0.45875), (18, 0.46499999999999997), (6, 0.47833333333333333), (43, 0.48), (22, 0.49), (37, 0.49400000000000005), (28, 0.502), (20, 0.526), (57, 0.553)]
[(55, 0.21000000000000002), (10, 0.23), (29, 0.24), (47, 0.25666666666666665), (2, 0.265), (26, 0.275), (19, 0.3), (46, 0.3175), (37, 0.32), (23, 0.325), (22, 0.34833333333333333), (4, 0.37), (24, 0.38285714285714284), (44, 0.395), (6, 0.396), (61, 0.398), (56, 0.422), (14, 0.497)]
"\x5E\x40\x97\x89\x72\x4E\xFC\xCA\x30\xD6\x9F\xD8\x49\x0D\x85\x4E"
[33, 51, 15, 23, 36, 57, 14, 27, 38, 55, 12, 26, 35, 50, 12, 31, 33, 57, 1, 19, 41, 52, 9, 26, 42, 54, 4, 26, 39, 61, 7, 21, 33, 63, 7, 29, 40, 63, 11, 24, 46, 59, 11, 28, 42, 55, 9, 27, 35, 48, 3, 29, 44, 53, 2, 25, 32, 63, 13, 18, 45, 55, 4, 16, 43, 58, 5, 25, 36, 60, 11, 30, 44, 52, 5, 29, 46, 54, 11, 23, 46, 61, 7, 20, 36, 48, 14, 26, 44, 61, 15, 28, 42, 54, 13, 18, 39, 60, 1, 22, 39, 61, 8, 28, 42, 49, 15, 23, 38, 50, 12, 21, 36, 55, 7, 31, 43, 50, 4, 22, 39, 55, 5, 27, 33, 61, 8, 30, 47, 51, 2, 18, 39, 53, 14, 31, 35, 55, 4, 20, 43, 52, 5, 18, 6, 28, 45, 58, 5, 31, 38, 59, 10, 21, 33, 61, 11, 30, 41, 58]
[(45, 0.4), (47, 0.42), (54, 0.42000000000000004), (51, 0.4366666666666667), (15, 0.45), (41, 0.4640000000000001), (23, 0.47000000000000003), (14, 0.475), (57, 0.5075), (27, 0.5233333333333333), (55, 0.5666666666666667), (33, 0.57), (38, 0.5700000000000001), (26, 0.61), (43, 0.6124999999999999), (4, 0.6220000000000001), (12, 0.6316666666666667), (34, 0.6433333333333334), (6, 0.7150000000000001), (31, 0.7233333333333333), (35, 0.726), (50, 0.7525), (9, 0.86), (20, 0.86), (58, 0.86)]
[(33, 0.29), (41, 0.3), (57, 0.3), (19, 0.33), (52, 0.34), (9, 0.36), (42, 0.365), (17, 0.365), (54, 0.41500000000000004), (28, 0.429), (34, 0.44499999999999995), (26, 0.52), (39, 0.53), (61, 0.6233333333333334), (7, 0.63), (35, 0.6442857142857144), (6, 0.646), (4, 0.66), (21, 0.66), (44, 0.7200000000000001)]
"\x85\xFB\xC1\x6E\x9C\x8F\x42\x32\x2F\x31\x69\x0C\x15\x3E\xB3\x2F"
[44, 63, 0, 17, 42, 55, 13, 21, 39, 52, 9, 21, 38, 57, 7, 18, 47, 56, 11, 28, 32, 55, 15, 23, 45, 59, 15, 29, 45, 48, 9, 21, 43, 55, 9, 27, 44, 48, 9, 24, 39, 49, 1, 23, 39, 55, 10, 17, 45, 60, 11, 29, 40, 56, 4, 25, 43, 50, 10, 23, 47, 48, 12, 31, 36, 58, 8, 28, 47, 54, 0, 19, 46, 51, 3, 24, 47, 51, 5, 26, 45, 51, 7, 30, 45, 50, 13, 26, 37, 48, 0, 31, 44, 49, 9, 30, 38, 58, 6, 16, 34, 59, 7, 22, 47, 50, 3, 16, 43, 62, 0, 29, 39, 50, 2, 28, 44, 48, 13, 16, 34, 54, 2, 23, 41, 57, 0, 16, 34, 55, 7, 21, 39, 57, 5, 22, 43, 55, 9, 26, 36, 49, 7, 30, 2, 19, 37, 51, 11, 17, 40, 50, 4, 17, 33, 56, 15, 22, 36, 48]
[(47, 0.23333333333333334), (4, 0.26666666666666666), (17, 0.2722222222222222), (42, 0.30416666666666664), (39, 0.31666666666666665), (27, 0.325), (55, 0.35833333333333334), (13, 0.37777777777777777), (52, 0.38), (38, 0.39166666666666666), (6, 0.4055555555555556), (21, 0.41250000000000003), (20, 0.4361111111111111), (9, 0.45), (18, 0.47222222222222227), (43, 0.475), (29, 0.4805555555555556), (15, 0.513888888888889), (57, 0.525), (7, 0.5333333333333333), (24, 0.5611111111111111), (44, 0.5750000000000001), (23, 0.6333333333333333)]
[(2, 0.05), (10, 0.05), (50, 0.05), (11, 0.13333333333333333), (56, 0.15), (28, 0.18888888888888888), (32, 0.23333333333333334), (55, 0.24444444444444446), (45, 0.26666666666666666), (23, 0.275), (59, 0.2791666666666667), (15, 0.3), (48, 0.3361111111111111), (53, 0.34722222222222215), (46, 0.41111111111111115), (21, 0.4305555555555555), (4, 0.4388888888888889), (33, 0.4444444444444444), (9, 0.4666666666666667), (44, 0.4733333333333333), (6, 0.5), (27, 0.5166666666666666)]
"\xF8\x7C\xB6\x5D\x3D\xCA\x9E\x9F\x64\xDF\x55\x52\xA8\x38\xA0\x90"
[43, 59, 3, 26, 32, 57, 12, 22, 35, 52, 14, 31, 45, 49, 10, 23, 33, 63, 11, 18, 40, 58, 5, 27, 35, 62, 11, 24, 35, 57, 9, 29, 36, 55, 3, 29, 43, 53, 15, 30, 35, 49, 10, 20, 38, 52, 9, 20, 39, 61, 4, 31, 32, 59, 9, 17, 36, 53, 6, 24, 39, 55, 3, 26, 45, 50, 4, 26, 32, 54, 5, 21, 40, 56, 1, 31, 36, 61, 7, 24, 36, 61, 12, 31, 36, 52, 13, 18, 45, 48, 0, 31, 38, 59, 9, 20, 46, 60, 9, 24, 47, 51, 11, 21, 41, 61, 4, 30, 36, 56, 8, 27, 39, 56, 4, 30, 33, 63, 9, 19, 42, 57, 0, 18, 45, 60, 11, 24, 38, 62, 9, 18, 34, 59, 4, 24, 33, 60, 14, 23, 46, 54, 9, 21, 5, 20, 37, 48, 12, 24, 45, 55, 15, 30, 34, 57, 12, 24, 46, 53]
[(47, 0.0), (32, 0.14375), (49, 0.2), (22, 0.2), (12, 0.2125), (16, 0.25), (43, 0.2625), (59, 0.27499999999999997), (35, 0.275), (14, 0.2875), (45, 0.325), (10, 0.375), (52, 0.3833333333333333), (31, 0.40625), (4, 0.4125), (34, 0.45625), (3, 0.46249999999999997), (38, 0.5625), (46, 0.5625), (8, 0.6), (23, 0.6)]
[(33, 0.18), (40, 0.26), (60, 0.272), (5, 0.3), (18, 0.312), (27, 0.32), (6, 0.38), (39, 0.404), (58, 0.404), (11, 0.42), (4, 0.4466666666666667), (24, 0.4640000000000001), (9, 0.53), (29, 0.592), (44, 0.6), (57, 0.6040000000000001), (21, 0.6439999999999999)]
"\xB2\x58\xB1\x20\xBC\x3F\x52\x25\x13\x90\x09\x00\xEA\xCC\x6F\xF5"
[47, 52, 6, 28, 40, 61, 0, 17, 36, 59, 14, 20, 41, 51, 6, 18, 36, 56, 15, 22, 37, 50, 11, 24, 34, 51, 12, 20, 32, 52, 1, 18, 37, 57, 13, 24, 32, 60, 5, 18, 45, 49, 1, 17, 33, 52, 8, 24, 44, 51, 0, 27, 40, 51, 9, 27, 41, 48, 1, 23, 39, 56, 0, 23, 33, 53, 1, 18, 37, 57, 14, 18, 42, 56, 12, 19, 39, 61, 8, 25, 36, 48, 8, 28, 45, 62, 7, 27, 33, 54, 1, 27, 45, 59, 7, 31, 43, 56, 15, 29, 34, 54, 14, 25, 33, 61, 11, 31, 37, 56, 5, 26, 34, 59, 5, 27, 38, 54, 3, 31, 45, 52, 6, 21, 36, 63, 5, 22, 37, 50, 6, 21, 47, 59, 2, 16, 34, 50, 3, 20, 41, 62, 3, 22, 8, 21, 47, 57, 13, 30, 36, 62, 7, 20, 41, 55, 0, 30, 35, 61]
[(47, 0.315), (52, 0.33), (45, 0.382), (11, 0.384), (40, 0.41500000000000004), (28, 0.4166666666666667), (23, 0.42699999999999994), (17, 0.4425), (2, 0.44700000000000006), (8, 0.47300000000000003), (59, 0.4928571428571428), (36, 0.496), (7, 0.5469999999999999), (20, 0.5675), (14, 0.57), (43, 0.5700000000000001), (6, 0.5711111111111111), (41, 0.62), (46, 0.622), (34, 0.6257142857142857), (51, 0.6371428571428571), (32, 0.64), (4, 0.6487499999999999), (18, 0.6750000000000002), (5, 0.69), (24, 0.69)]
[(56, 0.025), (15, 0.07), (22, 0.1), (47, 0.15), (37, 0.185), (11, 0.2), (24, 0.21666666666666667), (50, 0.21666666666666667), (6, 0.225), (51, 0.25), (4, 0.2833333333333334), (12, 0.3014285714285715), (32, 0.3088888888888889), (20, 0.32125000000000004), (1, 0.378), (34, 0.418), (52, 0.43), (18, 0.4724999999999999), (44, 0.488), (36, 0.5189999999999999), (46, 0.53), (45, 0.5642857142857143)]
"\xDC\x65\x75\x36\x59\x86\x05\xCB\x70\x3C\x18\xED\x59\x85\x0B\xDA"
[41, 63, 7, 30, 38, 55, 6, 16, 34, 63, 2, 26, 34, 48, 3, 28, 44, 52, 0, 22, 45, 62, 8, 28, 42, 51, 14, 21, 42, 49, 2, 27, 38, 50, 3, 25, 40, 48, 15, 28, 32, 62, 1, 21, 36, 54, 13, 23, 37, 58, 13, 22, 43, 49, 7, 26, 32, 52, 10, 22, 39, 59, 7, 25, 47, 58, 4, 23, 36, 62, 1, 16, 41, 57, 0, 16, 37, 48, 0, 16, 41, 50, 11, 25, 36, 59, 6, 16, 41, 62, 9, 22, 45, 53, 0, 16, 32, 55, 6, 25, 42, 51, 0, 22, 34, 55, 7, 26, 35, 60, 8, 26, 37, 62, 12, 17, 43, 57, 2, 20, 46, 54, 5, 19, 33, 52, 4, 30, 42, 62, 13, 24, 47, 61, 12, 24, 33, 60, 10, 18, 45, 55, 12, 17, 4, 28, 44, 52, 8, 29, 37, 63, 8, 30, 44, 58, 9, 26, 37, 63]
[(8, 0.11), (47, 0.22), (41, 0.23), (7, 0.255), (35, 0.28), (17, 0.285), (38, 0.2933333333333334), (16, 0.3325), (26, 0.36666666666666664), (6, 0.37875000000000003), (2, 0.38000000000000006), (34, 0.4), (3, 0.43), (24, 0.43), (30, 0.435), (48, 0.4383333333333333), (43, 0.44500000000000006), (4, 0.47), (28, 0.47400000000000003), (9, 0.48), (12, 0.524), (45, 0.5399999999999999), (20, 0.5466666666666667), (60, 0.5549999999999999), (13, 0.5599999999999999), (25, 0.58), (10, 0.6), (46, 0.61)]
[(9, 0.3), (40, 0.475), (35, 0.52), (6, 0.55), (45, 0.5800000000000001), (52, 0.59), (22, 0.5966666666666667), (51, 0.6566666666666666), (25, 0.67), (21, 0.6875), (46, 0.7025), (42, 0.7055555555555555), (28, 0.72), (2, 0.7285714285714285), (44, 0.74375), (49, 0.764), (24, 0.767), (4, 0.7749999999999999), (27, 0.7875)]
"\x04\xB7\x74\xC9\x7E\x56\x61\x03\xD7\xC9\x5E\x1F\xC1\xAA\xA7\x4C"
[36, 50, 3, 23, 36, 56, 12, 31, 40, 61, 2, 22, 43, 61, 5, 19, 38, 56, 0, 26, 39, 50, 3, 17, 44, 52, 7, 22, 45, 59, 4, 26, 44, 57, 3, 30, 40, 57, 7, 19, 42, 48, 6, 21, 35, 59, 7, 30, 46, 57, 9, 27, 42, 56, 7, 17, 47, 52, 7, 30, 39, 55, 2, 17, 36, 54, 1, 20, 38, 54, 10, 20, 39, 59, 14, 16, 33, 49, 3, 18, 36, 51, 13, 26, 33, 61, 15, 17, 42, 50, 11, 25, 38, 52, 13, 26, 33, 53, 8, 28, 33, 61, 9, 29, 44, 58, 8, 24, 45, 54, 4, 22, 34, 49, 13, 31, 38, 55, 12, 19, 39, 59, 14, 18, 38, 60, 13, 29, 34, 52, 8, 18, 38, 63, 3, 22, 33, 58, 0, 26, 34, 63, 6, 27, 13, 21, 34, 52, 0, 24, 32, 61, 1, 27, 37, 49, 2, 17, 39, 50]
[(47, 0.17), (37, 0.22), (56, 0.22), (50, 0.22999999999999998), (3, 0.255), (36, 0.3), (40, 0.3633333333333333), (58, 0.387), (12, 0.395), (9, 0.41), (28, 0.42), (46, 0.42), (31, 0.44), (6, 0.449), (33, 0.45999999999999996), (2, 0.4666666666666666), (32, 0.4666666666666666), (19, 0.46799999999999997), (4, 0.47000000000000003), (43, 0.476), (22, 0.48333333333333334), (34, 0.518), (8, 0.66), (5, 0.68), (49, 0.68), (17, 0.685), (45, 0.69), (18, 0.7), (24, 0.7), (7, 0.7266666666666666)]
[(17, 0.15299999999999997), (27, 0.16), (38, 0.16), (11, 0.165), (56, 0.18), (39, 0.20666666666666667), (50, 0.20666666666666667), (9, 0.22199999999999998), (3, 0.238), (46, 0.2657142857142857), (48, 0.29), (52, 0.29999999999999993), (53, 0.3333333333333333), (22, 0.335), (44, 0.3477777777777778), (7, 0.35000000000000003), (26, 0.375), (33, 0.38), (36, 0.392), (15, 0.41100000000000003), (4, 0.4225), (32, 0.42571428571428577), (59, 0.43166666666666664), (45, 0.44125), (6, 0.4566666666666667), (47, 0.466), (30, 0.8559999999999999)]
"\x12\x1C\x06\xFA\x8F\xB4\xCE\x8C\xFC\x0A\x8F\x99\x2A\x9A\x3E\x01"
[37, 60, 14, 19, 43, 52, 5, 28, 42, 62, 5, 30, 37, 55, 15, 27, 37, 61, 3, 17, 46, 52, 3, 20, 38, 61, 15, 27, 42, 58, 1, 26, 38, 55, 3, 16, 41, 59, 9, 30, 34, 48, 2, 21, 43, 56, 11, 20, 44, 61, 5, 26, 46, 55, 7, 19, 38, 63, 6, 22, 34, 55, 14, 31, 39, 50, 0, 30, 47, 61, 1, 31, 42, 56, 4, 22, 46, 53, 12, 20, 46, 50, 13, 22, 43, 56, 13, 24, 33, 56, 6, 19, 36, 53, 12, 25, 34, 53, 14, 30, 47, 63, 14, 30, 42, 52, 6, 19, 43, 53, 12, 29, 43, 63, 14, 24, 46, 52, 5, 18, 33, 57, 10, 29, 35, 58, 11, 24, 42, 50, 7, 25, 43, 62, 12, 22, 43, 59, 11, 17, 47, 51, 7, 17, 12, 19, 34, 58, 0, 26, 36, 54, 2, 17, 38, 54, 5, 26, 34, 58]
[(38, 0.14), (47, 0.14), (60, 0.15500000000000003), (19, 0.185), (6, 0.22000000000000003), (42, 0.246), (43, 0.25833333333333336), (28, 0.27399999999999997), (4, 0.3), (52, 0.3016666666666667), (37, 0.318), (5, 0.3275), (24, 0.3316666666666666), (25, 0.35000000000000003), (27, 0.362), (30, 0.36400000000000005), (55, 0.36428571428571427), (46, 0.375), (15, 0.449), (45, 0.48200000000000004), (35, 0.54), (14, 0.55), (20, 0.55), (29, 0.55)]
[(10, 0.27), (52, 0.32100000000000006), (37, 0.34), (45, 0.35), (43, 0.3755555555555556), (17, 0.42), (38, 0.44000000000000006), (46, 0.44625), (3, 0.4466666666666666), (36, 0.45333333333333337), (41, 0.45333333333333337), (20, 0.466), (27, 0.49749999999999994), (15, 0.5028571428571429), (24, 0.506), (1, 0.5188888888888888), (58, 0.5228571428571429), (26, 0.5544444444444444), (42, 0.555), (23, 0.5588888888888889), (25, 0.5650000000000001), (44, 0.5711111111111111), (4, 0.58), (6, 0.6112500000000001)]
"\xEA\x9B\x99\x82\xDA\xE3\x87\x10\x57\xD2\x46\x89\xD3\xF7\xB8\x8D"
[42, 57, 2, 27, 46, 57, 13, 27, 32, 56, 12, 23, 42, 63, 11, 26, 45, 53, 2, 17, 33, 52, 15, 26, 33, 62, 7, 19, 42, 54, 12, 28, 38, 48, 8, 22, 40, 63, 13, 29, 33, 48, 14, 23, 32, 57, 0, 22, 45, 58, 5, 23, 32, 51, 14, 23, 35, 51, 7, 31, 42, 59, 8, 25, 38, 51, 6, 20, 41, 53, 13, 30, 35, 53, 7, 30, 32, 59, 5, 21, 34, 56, 14, 18, 42, 57, 5, 25, 40, 48, 10, 19, 41, 61, 8, 25, 39, 54, 3, 17, 47, 52, 5, 28, 36, 62, 2, 23, 43, 52, 14, 20, 38, 53, 10, 25, 43, 56, 4, 25, 34, 58, 9, 25, 36, 48, 13, 21, 35, 56, 12, 25, 32, 55, 6, 16, 34, 50, 15, 25, 34, 63, 8, 23, 0, 30, 41, 62, 11, 16, 34, 48, 2, 25, 37, 63, 15, 19, 40, 52]
[(47, 0.12), (43, 0.21666666666666665), (40, 0.23), (28, 0.252), (32, 0.31999999999999995), (17, 0.32), (42, 0.3316666666666666), (56, 0.355), (12, 0.358), (57, 0.379), (4, 0.38), (23, 0.41), (6, 0.421), (27, 0.43900000000000006), (11, 0.43999999999999995), (26, 0.44000000000000006), (13, 0.4466666666666666), (2, 0.45), (46, 0.45444444444444443), (8, 0.465), (33, 0.51), (21, 0.5966666666666667), (34, 0.63), (58, 0.63), (20, 0.65)]
[(53, 0.24666666666666667), (17, 0.28), (52, 0.33), (26, 0.35333333333333333), (7, 0.395), (33, 0.3975), (32, 0.41), (15, 0.41), (4, 0.42800000000000005), (46, 0.43499999999999994), (42, 0.455), (19, 0.47250000000000003), (6, 0.47333333333333333), (54, 0.47428571428571425), (12, 0.47500000000000003), (28, 0.506), (44, 0.5650000000000001), (11, 0.9333333333333332)]
"\x05\x62\xB2\x1F\x8D\xD8\x5F\x98\x70\x86\xC0\x6E\x33\x9C\x6B\xC1"
[36, 58, 10, 31, 43, 60, 0, 18, 34, 62, 14, 31, 36, 48, 6, 20, 43, 57, 0, 31, 44, 61, 1, 29, 43, 48, 3, 24, 32, 60, 2, 27, 42, 49, 1, 30, 39, 56, 9, 26, 46, 54, 4, 31, 43, 63, 1, 17, 38, 53, 12, 18, 43, 63, 5, 29, 42, 59, 15, 17, 38, 57, 1, 19, 37, 49, 9, 31, 33, 59, 14, 22, 43, 63, 4, 19, 41, 55, 15, 27, 47, 49, 9, 21, 41, 52, 4, 29, 36, 49, 13, 30, 44, 50, 9, 21, 36, 56, 15, 25, 42, 63, 7, 31, 38, 61, 0, 19, 38, 62, 8, 27, 32, 55, 11, 24, 42, 50, 1, 26, 42, 59, 15, 24, 44, 56, 12, 21, 38, 61, 12, 20, 45, 49, 14, 23, 35, 49, 0, 30, 33, 49, 4, 19, 6, 31, 47, 50, 5, 19, 42, 58, 12, 24, 34, 54, 2, 27, 47, 50]
[(47, 0.47), (58, 0.49), (60, 0.51), (10, 0.52), (33, 0.569), (21, 0.579), (31, 0.6), (36, 0.6016666666666667), (4, 0.607), (18, 0.615), (14, 0.62), (43, 0.6214285714285713), (34, 0.6359999999999999), (28, 0.6699999999999999), (48, 0.675), (32, 0.6880000000000001), (11, 0.72), (20, 0.74), (6, 0.7414285714285713), (12, 0.77), (25, 0.77), (45, 0.77)]
[(57, 0.325), (31, 0.38), (46, 0.42), (28, 0.44333333333333336), (29, 0.44399999999999995), (3, 0.472), (43, 0.47250000000000003), (48, 0.48500000000000004), (45, 0.5285714285714286), (24, 0.5333333333333333), (44, 0.535), (4, 0.538), (33, 0.554), (27, 0.5549999999999999), (32, 0.5575000000000001), (60, 0.5585714285714286), (2, 0.592), (6, 0.6266666666666666)]
"\x76\x5F\xC0\x77\x53\x94\xBE\x2F\xB3\x04\x4A\x0F\x4F\x42\xFE\x48"
[35, 62, 2, 23, 38, 52, 9, 20, 46, 51, 9, 20, 35, 51, 8, 18, 42, 60, 13, 26, 47, 55, 8, 19, 32, 49, 6, 28, 38, 62, 4, 29, 46, 60, 14, 23, 46, 55, 0, 28, 34, 55, 13, 31, 33, 50, 5, 24, 37, 61, 4, 26, 38, 56, 8, 27, 46, 59, 3, 30, 33, 51, 15, 23, 40, 63, 12, 20, 46, 63, 10, 20, 47, 59, 3, 25, 46, 53, 11, 25, 33, 57, 8, 27, 44, 54, 12, 30, 42, 56, 10, 31, 40, 51, 4, 17, 41, 49, 4, 29, 42, 62, 8, 29, 37, 55, 13, 24, 47, 55, 13, 30, 39, 56, 10, 29, 35, 54, 6, 18, 44, 52, 7, 28, 36, 48, 7, 25, 37, 62, 1, 28, 42, 56, 14, 28, 47, 58, 12, 27, 44, 48, 4, 30, 0, 22, 37, 52, 9, 18, 40, 53, 15, 25, 42, 51, 8, 21, 45, 56]
[(44, 0.39), (47, 0.39), (28, 0.45), (38, 0.47250000000000003), (2, 0.48), (20, 0.48), (23, 0.49), (27, 0.545), (52, 0.5466666666666667), (46, 0.602857142857143), (35, 0.6114285714285714), (53, 0.6177777777777779), (9, 0.6233333333333333), (14, 0.6255555555555556), (10, 0.63), (45, 0.6355555555555557), (51, 0.66875), (24, 0.674), (43, 0.68), (26, 0.6833333333333333), (8, 0.685), (18, 0.6944444444444443), (6, 0.7037500000000001), (4, 0.7566666666666667)]
[(42, 0.03), (13, 0.06), (47, 0.125), (55, 0.13), (19, 0.19), (46, 0.21), (26, 0.21999999999999997), (28, 0.22), (50, 0.23), (49, 0.26), (32, 0.305), (24, 0.315), (4, 0.353), (29, 0.375), (6, 0.39444444444444443), (21, 0.46699999999999997), (45, 0.47700000000000004), (38, 0.5159999999999999), (53, 0.595), (56, 0.67), (44, 0.69)]
"\xEE\x3D\xB3\x16\x20\x53\x5B\xF2\x4A\xEC\xBF\x79\x12\x7D\xC0\xC8"
[42, 50, 13, 31, 33, 58, 10, 18, 33, 48, 14, 25, 38, 53, 6, 21, 39, 53, 14, 18, 38, 63, 7, 18, 33, 61, 13, 18, 40, 58, 4, 21, 38, 55, 6, 21, 39, 56, 14, 26, 47, 59, 2, 20, 46, 54, 5, 28, 43, 59, 10, 17, 38, 52, 10, 21, 44, 58, 3, 23, 46, 63, 2, 29, 35, 56, 5, 21, 36, 50, 10, 31, 41, 56, 8, 24, 37, 50, 10, 26, 33, 54, 2, 29, 44, 60, 8, 26, 32, 62, 4, 22, 34, 55, 12, 18, 37, 63, 4, 25, 45, 60, 7, 21, 41, 54, 6, 30, 36, 49, 7, 24, 36, 61, 11, 18, 46, 63, 9, 21, 45, 48, 12, 20, 44, 60, 11, 29, 37, 54, 0, 25, 38, 62, 6, 21, 37, 56, 11, 27, 39, 57, 7, 20, 2, 24, 32, 51, 6, 21, 36, 53, 6, 19, 42, 63, 5, 28, 35, 52]
[(30, 0.16666666666666666), (2, 0.17916666666666667), (47, 0.25), (34, 0.275), (42, 0.275), (13, 0.29500000000000004), (10, 0.3066666666666667), (58, 0.3325), (18, 0.3566666666666667), (25, 0.372), (48, 0.375), (33, 0.3938888888888889), (28, 0.396), (51, 0.4004545454545454), (50, 0.4149999999999999), (31, 0.417), (6, 0.42722222222222217), (35, 0.43), (4, 0.4313636363636364), (38, 0.44499999999999995), (8, 0.46399999999999986), (43, 0.4674999999999999), (40, 0.47375), (53, 0.5233333333333333), (7, 0.5466666666666666), (21, 0.5475), (22, 0.5675), (46, 0.59)]
[(39, 0.395), (8, 0.3965789473684211), (53, 0.40249999999999997), (14, 0.43), (38, 0.4366666666666667), (7, 0.45333333333333337), (19, 0.46699999999999997), (18, 0.5050000000000001), (13, 0.5066666666666667), (58, 0.52125), (33, 0.5366666666666666), (6, 0.5710000000000001), (4, 0.585), (40, 0.5899999999999999), (44, 0.6050000000000001), (45, 0.6120833333333333), (21, 0.6325000000000001), (2, 0.925)]
"\x17\x97\x51\xE6\x58\x60\xA4\xBD\x44\xD8\xCC\x4C\xE3\xCD\xAD\x32"
[37, 49, 10, 16, 38, 57, 12, 29, 33, 59, 0, 29, 41, 63, 9, 22, 34, 63, 7, 29, 47, 53, 15, 28, 36, 51, 8, 18, 36, 63, 2, 27, 43, 55, 11, 31, 40, 63, 3, 24, 36, 54, 2, 29, 42, 60, 9, 26, 34, 61, 0, 31, 44, 61, 8, 31, 36, 53, 8, 22, 40, 61, 6, 24, 41, 53, 9, 28, 33, 52, 1, 25, 32, 63, 14, 20, 33, 53, 13, 25, 46, 56, 4, 18, 37, 63, 6, 27, 36, 59, 15, 29, 34, 62, 11, 16, 42, 61, 13, 23, 34, 49, 14, 22, 41, 57, 5, 20, 33, 56, 11, 21, 37, 53, 5, 21, 39, 50, 9, 26, 46, 54, 3, 30, 35, 52, 3, 17, 46, 56, 14, 27, 44, 50, 12, 31, 45, 58, 9, 28, 34, 50, 4, 17, 12, 17, 40, 50, 11, 18, 44, 60, 5, 29, 43, 54, 1, 23, 32, 57]
[(47, 0.21), (11, 0.22), (37, 0.22), (10, 0.22499999999999998), (16, 0.2333333333333333), (49, 0.235), (38, 0.25), (57, 0.266), (12, 0.27142857142857146), (33, 0.29), (29, 0.3111111111111111), (59, 0.3475), (26, 0.373), (43, 0.38), (2, 0.3971428571428572), (4, 0.39777777777777773), (24, 0.399), (6, 0.40099999999999997), (46, 0.4066666666666667), (40, 0.41600000000000004), (41, 0.4275), (9, 0.44), (22, 0.4442857142857143), (60, 0.46), (45, 0.47), (15, 0.488), (31, 0.488), (39, 0.51), (52, 0.577), (8, 0.658)]
[(30, 0.04), (45, 0.26), (10, 0.34), (21, 0.345), (16, 0.3499999999999999), (9, 0.35), (11, 0.35), (49, 0.355), (52, 0.355), (20, 0.36), (28, 0.414), (37, 0.44), (29, 0.45), (34, 0.45), (7, 0.4511111111111112), (43, 0.469), (31, 0.4844444444444444), (47, 0.505), (53, 0.5225), (15, 0.5283333333333333), (4, 0.61), (26, 0.6183333333333333), (36, 0.6439999999999999), (18, 0.644), (51, 0.6866666666666666), (27, 0.7057142857142857), (24, 0.7142857142857143), (8, 0.73), (6, 0.7488888888888888), (44, 0.8225000000000001), (2, 0.825)]
"\x77\x88\xCC\x24\xA9\xCA\x8E\xC7\x3C\xBB\x64\xD9\x43\xA3\xE9\xE8"
[35, 59, 0, 29, 41, 63, 8, 17, 38, 61, 9, 26, 35, 62, 11, 31, 36, 51, 3, 26, 34, 52, 5, 23, 44, 59, 9, 26, 37, 57, 14, 24, 44, 60, 15, 28, 44, 57, 0, 28, 39, 63, 11, 27, 39, 54, 2, 24, 43, 54, 12, 29, 38, 55, 15, 26, 36, 59, 6, 25, 40, 50, 2, 16, 46, 62, 12, 22, 45, 50, 5, 29, 42, 63, 13, 29, 32, 56, 1, 28, 35, 54, 3, 30, 43, 62, 5, 23, 36, 51, 13, 30, 37, 62, 12, 31, 41, 55, 8, 28, 34, 53, 4, 30, 35, 50, 13, 26, 39, 58, 12, 18, 43, 59, 11, 17, 43, 60, 3, 22, 32, 59, 15, 31, 43, 57, 5, 20, 47, 50, 5, 17, 33, 61, 5, 26, 37, 63, 6, 31, 38, 52, 13, 18, 0, 25, 39, 55, 2, 28, 43, 48, 8, 29, 45, 51, 12, 24, 42, 60]
[(40, 0.41), (41, 0.44), (47, 0.44), (58, 0.499), (18, 0.5366666666666666), (34, 0.539), (29, 0.56), (14, 0.5933333333333334), (17, 0.63), (38, 0.6375), (45, 0.64125), (26, 0.6533333333333334), (33, 0.66625), (43, 0.668), (6, 0.6688888888888889), (30, 0.676), (35, 0.6842857142857142), (11, 0.688), (46, 0.71), (4, 0.74125), (31, 0.7725000000000001), (2, 0.885), (20, 0.885), (55, 0.885), (19, 0.8933333333333334), (12, 0.93)]
[(27, 0.29), (36, 0.29), (51, 0.3), (3, 0.315), (34, 0.36), (45, 0.385), (52, 0.39999999999999997), (23, 0.41500000000000004), (5, 0.42333333333333334), (17, 0.42400000000000004), (46, 0.476), (59, 0.5099999999999999), (4, 0.522), (31, 0.54), (37, 0.5425), (26, 0.546), (44, 0.5919999999999999), (57, 0.6016666666666667), (6, 0.61875), (33, 0.6357142857142858), (9, 0.68), (24, 0.7220000000000001), (14, 0.75)]
"\x90\x35\x3F\x84\x63\x93\xB5\xAC\x2E\xE0\x92\x62\x4C\x67\x64\x23"
[45, 62, 15, 17, 37, 58, 0, 27, 39, 49, 6, 28, 35, 53, 8, 20, 39, 60, 12, 30, 39, 63, 3, 30, 43, 61, 8, 23, 35, 54, 15, 17, 33, 58, 9, 18, 36, 59, 3, 16, 39, 57, 9, 17, 36, 55, 13, 16, 46, 54, 11, 19, 38, 60, 2, 20, 40, 61, 1, 26, 44, 58, 8, 25, 32, 54, 10, 31, 36, 63, 4, 22, 40, 63, 9, 24, 43, 63, 6, 24, 46, 62, 10, 25, 40, 57, 9, 16, 40, 59, 0, 18, 45, 58, 8, 22, 40, 56, 9, 19, 47, 61, 12, 26, 32, 48, 13, 18, 38, 53, 15, 28, 47, 54, 5, 18, 46, 53, 12, 16, 41, 59, 11, 28, 34, 58, 9, 26, 46, 56, 5, 25, 43, 51, 8, 20, 45, 49, 5, 28, 35, 57, 9, 28, 12, 31, 36, 61, 6, 27, 32, 54, 15, 20, 44, 58, 14, 20, 41, 58]
[(45, 0.2), (30, 0.23800000000000004), (15, 0.505), (37, 0.525), (58, 0.525), (39, 0.5449999999999999), (17, 0.545), (14, 0.5466666666666667), (27, 0.5850000000000001), (8, 0.591), (49, 0.6083333333333333), (35, 0.616), (4, 0.6266666666666666), (6, 0.64125), (33, 0.6457142857142857), (47, 0.6459999999999999), (53, 0.6975), (43, 0.72), (28, 0.7214285714285714), (31, 0.72625), (46, 0.7366666666666667), (20, 0.75), (9, 0.7930000000000001), (7, 0.7939999999999999)]
[(10, 0.0), (12, 0.07), (60, 0.07), (39, 0.13), (47, 0.15), (3, 0.1525), (30, 0.1675), (43, 0.1975), (11, 0.22), (8, 0.275), (46, 0.27666666666666667), (23, 0.31), (31, 0.31), (4, 0.3175), (6, 0.31999999999999995), (33, 0.364), (54, 0.37), (45, 0.37555555555555553), (15, 0.395), (14, 0.396), (44, 0.405), (17, 0.41857142857142854), (35, 0.445), (40, 0.55)]
"\x13\x8B\x12\x1E\xEB\xE9\xF3\x31\x2D\xCB\xA1\xC7\xE1\xA1\xBD\x3A"
[37, 57, 12, 16, 45, 56, 13, 18, 39, 61, 4, 21, 41, 62, 12, 30, 38, 62, 11, 27, 34, 59, 10, 26, 42, 59, 8, 31, 40, 52, 3, 20, 35, 53, 3, 28, 44, 55, 1, 21, 43, 62, 15, 22, 40, 62, 1, 26, 43, 56, 13, 22, 36, 56, 4, 21, 42, 60, 8, 17, 47, 63, 5, 19, 44, 57, 5, 27, 47, 51, 1, 21, 36, 60, 14, 17, 33, 61, 9, 31, 35, 60, 11, 18, 40, 58, 9, 30, 46, 61, 1, 28, 32, 51, 10, 17, 38, 59, 2, 30, 35, 55, 14, 17, 42, 63, 14, 26, 46, 59, 7, 17, 47, 60, 8, 28, 42, 50, 9, 27, 38, 50, 9, 29, 33, 53, 14, 22, 33, 48, 1, 31, 42, 55, 6, 27, 46, 61, 4, 20, 43, 63, 8, 23, 10, 28, 37, 51, 0, 19, 37, 48, 11, 16, 38, 62, 9, 19, 42, 49]
[(47, 0.24), (37, 0.25), (13, 0.28), (56, 0.29), (16, 0.2933333333333334), (61, 0.3225), (57, 0.336), (39, 0.33666666666666667), (18, 0.345), (45, 0.356), (12, 0.39428571428571424), (4, 0.3983333333333334), (21, 0.4075), (43, 0.41), (60, 0.4159999999999999), (41, 0.425), (6, 0.426), (30, 0.4614285714285714), (48, 0.46799999999999997), (58, 0.47), (2, 0.484), (10, 0.51), (23, 0.51), (27, 0.514), (44, 0.576), (53, 0.642)]
[(11, 0.3375), (27, 0.3541666666666667), (34, 0.375), (10, 0.40625), (26, 0.40625), (38, 0.41093749999999996), (59, 0.4265625), (4, 0.46875), (42, 0.46875), (40, 0.496875), (52, 0.5046875000000001), (31, 0.5050000000000001), (8, 0.5093749999999999), (21, 0.5296875), (3, 0.5562500000000001), (44, 0.575), (20, 0.6)]
"\xA8\xD3\x71\xC2\x8B\x16\x7E\xF1\x55\xD7\x18\x8B\xA5\xBD\x38\xA7"
[46, 54, 7, 25, 43, 57, 5, 31, 32, 60, 2, 25, 45, 59, 4, 26, 41, 51, 9, 26, 46, 49, 10, 25, 46, 53, 14, 24, 38, 54, 4, 19, 38, 56, 9, 24, 38, 62, 7, 19, 46, 51, 4, 23, 41, 61, 8, 30, 32, 54, 14, 26, 33, 49, 11, 28, 33, 53, 11, 22, 35, 50, 13, 16, 45, 54, 15, 29, 33, 61, 1, 20, 47, 63, 0, 31, 34, 52, 6, 19, 40, 54, 3, 28, 47, 49, 15, 18, 43, 51, 10, 16, 47, 60, 10, 22, 35, 60, 15, 25, 33, 48, 3, 22, 42, 48, 3, 25, 41, 52, 15, 22, 35, 55, 14, 27, 39, 63, 1, 17, 34, 62, 8, 18, 42, 55, 13, 26, 32, 59, 4, 21, 34, 48, 4, 26, 47, 51, 15, 27, 38, 57, 12, 27, 7, 26, 40, 53, 8, 26, 39, 58, 5, 30, 34, 59, 9, 19, 41, 58]
[(47, 0.11), (46, 0.16), (7, 0.18), (54, 0.18), (31, 0.20500000000000002), (5, 0.22249999999999998), (57, 0.302), (60, 0.30399999999999994), (32, 0.31), (6, 0.31857142857142856), (25, 0.33), (2, 0.3325), (43, 0.3422222222222222), (26, 0.37), (23, 0.395), (45, 0.414), (4, 0.4214285714285714), (59, 0.44999999999999996), (22, 0.47), (29, 0.48777777777777775), (14, 0.5), (41, 0.5549999999999999), (19, 0.556), (17, 0.595), (18, 0.6400000000000001)]
[(9, 0.39166666666666666), (41, 0.39166666666666666), (51, 0.4041666666666667), (26, 0.41111111111111115), (49, 0.4716666666666667), (25, 0.49583333333333335), (46, 0.5), (53, 0.5416666666666666), (14, 0.5583333333333333), (24, 0.5833333333333334), (54, 0.5979166666666667), (22, 0.6116666666666666), (34, 0.6166666666666667), (45, 0.6180555555555555), (44, 0.6333333333333334), (19, 0.6361111111111111), (23, 0.6479166666666667), (6, 0.655952380952381), (30, 0.6833333333333333), (4, 0.6979166666666666), (27, 0.7), (38, 0.7583333333333333)]
"\x12\x1D\xD2\xDA\xAA\x69\x38\xEB\x10\x09\x12\x4B\x0D\x40\x91\xFC"
[37, 49, 7, 28, 41, 52, 15, 30, 36, 51, 8, 24, 39, 55, 0, 22, 44, 58, 0, 30, 38, 51, 6, 30, 39, 61, 15, 31, 45, 61, 7, 17, 37, 51, 3, 22, 44, 62, 3, 26, 42, 55, 7, 28, 42, 50, 6, 18, 32, 52, 12, 23, 35, 59, 5, 21, 47, 60, 3, 28, 42, 61, 9, 20, 37, 61, 1, 22, 47, 51, 3, 27, 35, 49, 5, 17, 39, 51, 4, 18, 37, 57, 7, 23, 45, 61, 14, 25, 38, 59, 2, 19, 42, 49, 7, 17, 38, 62, 5, 26, 42, 59, 2, 29, 46, 58, 3, 16, 44, 59, 11, 22, 42, 56, 5, 29, 35, 55, 12, 19, 34, 49, 14, 24, 40, 49, 3, 20, 35, 57, 7, 22, 46, 57, 12, 27, 39, 55, 3, 30, 47, 59, 1, 23, 9, 22, 47, 54, 15, 29, 32, 50, 14, 23, 33, 61, 1, 28, 35, 54]
[(47, 0.08), (37, 0.1), (49, 0.13), (23, 0.16999999999999998), (28, 0.2), (15, 0.23600000000000004), (30, 0.256), (45, 0.3133333333333333), (36, 0.348), (39, 0.3866666666666667), (8, 0.388), (55, 0.40800000000000003), (51, 0.41), (7, 0.42400000000000004), (43, 0.45333333333333337), (24, 0.45600000000000007), (22, 0.465), (60, 0.504), (12, 0.536), (26, 0.552), (6, 0.5840000000000001), (42, 0.5919999999999999), (19, 0.6), (32, 0.6), (4, 0.66)]
[(38, 0.22), (58, 0.22), (51, 0.28), (30, 0.2957142857142857), (31, 0.33699999999999997), (6, 0.337), (39, 0.345), (15, 0.3725), (7, 0.38199999999999995), (45, 0.387), (4, 0.39666666666666667), (61, 0.40499999999999997), (17, 0.42333333333333334), (22, 0.426), (44, 0.43285714285714283), (23, 0.51), (60, 0.6260000000000001)]
"\xB3\x2E\x1D\x01\xAB\xE0\x60\x9F\xCE\x35\xC9\xC5\x55\x49\xB1\xFF"
[47, 57, 10, 28, 41, 55, 13, 19, 41, 51, 4, 31, 34, 52, 5, 30, 40, 63, 15, 29, 41, 59, 11, 25, 46, 53, 15, 18, 35, 63, 14, 29, 38, 61, 8, 18, 32, 62, 4, 18, 39, 55, 12, 29, 47, 63, 9, 28, 34, 56, 3, 20, 42, 52, 15, 22, 35, 63, 3, 16, 40, 49, 9, 22, 32, 49, 10, 17, 32, 54, 11, 16, 39, 62, 0, 25, 36, 56, 10, 16, 36, 57, 5, 17, 42, 51, 7, 21, 36, 54, 14, 20, 32, 59, 7, 20, 33, 56, 7, 19, 46, 63, 7, 28, 36, 60, 3, 29, 35, 59, 3, 27, 35, 61, 10, 30, 35, 55, 7, 26, 39, 59, 11, 18, 41, 61, 1, 19, 35, 54, 0, 27, 40, 61, 2, 18, 32, 49, 9, 25, 37, 60, 13, 24, 14, 22, 35, 50, 5, 16, 42, 55, 8, 26, 44, 51, 7, 31, 32, 53]
[(10, 0.34), (47, 0.36), (28, 0.39), (55, 0.39999999999999997), (12, 0.41), (18, 0.41), (19, 0.4166666666666667), (57, 0.43), (13, 0.4333333333333333), (41, 0.45), (51, 0.47), (15, 0.47000000000000003), (31, 0.47750000000000004), (4, 0.47777777777777775), (45, 0.49), (35, 0.49800000000000005), (30, 0.522), (6, 0.537), (34, 0.5599999999999999), (5, 0.5700000000000001), (43, 0.571), (8, 0.5775), (52, 0.5925), (27, 0.7949999999999999)]
[(39, 0.372), (40, 0.45), (38, 0.48), (41, 0.505), (59, 0.5133333333333333), (11, 0.5266666666666667), (25, 0.5449999999999999), (15, 0.5599999999999999), (46, 0.5633333333333334), (53, 0.5733333333333333), (50, 0.585), (18, 0.604), (34, 0.605), (35, 0.618), (4, 0.63), (44, 0.642), (14, 0.6699999999999999), (29, 0.68), (45, 0.7466666666666667)]
"\xB3\x01\x3C\x2E\xC7\x9C\x3D\x72\x17\x0B\x87\x72\x46\x0F\x9C\x99"
[47, 62, 14, 26, 47, 52, 15, 17, 36, 55, 6, 17, 35, 54, 0, 21, 35, 60, 2, 30, 34, 60, 12, 23, 46, 58, 15, 19, 35, 55, 5, 16, 32, 56, 11, 29, 40, 49, 6, 27, 39, 54, 15, 18, 40, 61, 3, 22, 32, 58, 4, 22, 38, 52, 13, 25, 34, 62, 8, 16, 34, 50, 13, 29, 40, 62, 5, 19, 34, 49, 5, 28, 34, 50, 7, 16, 39, 57, 14, 18, 41, 48, 5, 29, 36, 51, 7, 21, 47, 54, 9, 29, 47, 58, 4, 29, 43, 51, 12, 26, 43, 57, 5, 16, 46, 50, 4, 16, 44, 59, 13, 24, 32, 54, 7, 23, 40, 50, 12, 21, 33, 62, 13, 27, 40, 62, 13, 18, 34, 49, 10, 27, 42, 60, 0, 18, 32, 57, 15, 18, 37, 56, 2, 19, 7, 19, 38, 48, 5, 30, 43, 61, 7, 17, 37, 51, 15, 18, 39, 51]
[(30, 0.325), (27, 0.375), (14, 0.3925), (52, 0.4125), (47, 0.41875), (15, 0.4275), (36, 0.453), (8, 0.462), (17, 0.4735714285714286), (55, 0.48833333333333334), (22, 0.49499999999999994), (6, 0.5025000000000001), (4, 0.504375), (21, 0.505), (23, 0.5075), (26, 0.5085), (35, 0.51), (54, 0.54125), (2, 0.57), (3, 0.5783333333333334), (28, 0.595), (34, 0.6)]
[(21, 0.43899999999999995), (2, 0.5125), (34, 0.5183333333333333), (60, 0.5183333333333333), (54, 0.5392500000000001), (30, 0.545), (12, 0.56125), (46, 0.595), (15, 0.613), (19, 0.615), (23, 0.6359090909090909), (58, 0.637), (4, 0.6584615384615385), (35, 0.66), (55, 0.6649999999999999), (5, 0.6749999999999999), (6, 0.6827777777777777), (22, 0.6890000000000001), (44, 0.69875), (16, 0.7058333333333334)]
"\x43\xBD\xC6\x79\x84\x83\x13\x68\x21\xA8\x7F\x64\xFE\x4B\x5C\x56"
[32, 63, 1, 22, 43, 62, 3, 20, 39, 51, 9, 16, 40, 61, 2, 20, 34, 63, 15, 31, 44, 58, 11, 28, 34, 56, 2, 25, 46, 61, 0, 19, 42, 63, 5, 26, 33, 53, 14, 24, 41, 51, 3, 28, 35, 54, 7, 22, 33, 56, 0, 16, 39, 54, 2, 27, 38, 54, 7, 30, 40, 53, 5, 17, 39, 48, 9, 19, 35, 62, 15, 22, 34, 52, 13, 18, 46, 57, 12, 29, 37, 51, 8, 16, 41, 51, 10, 26, 35, 50, 3, 26, 43, 55, 5, 24, 44, 57, 2, 20, 47, 51, 9, 16, 37, 60, 1, 30, 46, 50, 2, 30, 38, 49, 15, 24, 41, 59, 13, 26, 37, 63, 1, 22, 40, 52, 1, 24, 39, 62, 13, 30, 45, 56, 3, 21, 33, 53, 14, 25, 46, 56, 13, 27, 0, 24, 36, 57, 0, 24, 37, 58, 3, 18, 42, 63, 4, 25, 35, 60]
[(45, 0.08), (32, 0.14), (22, 0.19), (9, 0.21), (3, 0.22400000000000003), (39, 0.26), (4, 0.3), (16, 0.325), (40, 0.376), (43, 0.39999999999999997), (27, 0.43999999999999995), (35, 0.4650000000000001), (61, 0.48), (20, 0.5000000000000001), (6, 0.51), (51, 0.52), (18, 0.5319999999999999), (47, 0.62), (60, 0.63), (13, 0.6359999999999999), (12, 0.64), (34, 0.64), (2, 0.66), (26, 0.66), (30, 0.6799999999999999), (31, 0.692), (55, 0.82), (11, 0.88)]
[(15, 0.2), (31, 0.21), (56, 0.25), (58, 0.252), (3, 0.26), (28, 0.27999999999999997), (35, 0.2866666666666667), (2, 0.31), (44, 0.316), (46, 0.32399999999999995), (34, 0.325), (11, 0.36), (5, 0.42400000000000004), (19, 0.476), (61, 0.5), (26, 0.5), (16, 0.5040000000000001), (48, 0.52), (45, 0.5866666666666667), (6, 0.6133333333333333)]
"\x22\x45\xF8\x14\xCC\xA6\x55\x73\xC0\x63\xFB\x19\x74\xC6\x65\x5E"
[38, 61, 9, 22, 47, 50, 0, 18, 41, 59, 10, 17, 32, 50, 6, 19, 40, 55, 12, 16, 34, 59, 4, 21, 47, 51, 9, 21, 40, 57, 9, 22, 32, 60, 6, 19, 46, 53, 5, 25, 36, 52, 9, 27, 34, 54, 14, 23, 45, 54, 3, 17, 37, 48, 12, 16, 43, 61, 5, 31, 32, 48, 12, 23, 47, 58, 9, 20, 45, 56, 14, 23, 34, 50, 5, 21, 35, 62, 14, 19, 36, 58, 11, 30, 41, 53, 15, 23, 42, 53, 9, 19, 39, 61, 15, 31, 34, 52, 14, 27, 42, 53, 2, 21, 40, 62, 6, 28, 37, 55, 15, 20, 33, 49, 11, 31, 38, 59, 14, 21, 43, 51, 3, 25, 46, 59, 9, 19, 44, 50, 15, 29, 47, 52, 6, 28, 43, 58, 4, 24, 38, 60, 0, 26, 6, 21, 44, 58, 14, 21, 42, 61, 3, 31, 36, 51, 10, 29, 34, 58]
[(38, 0.23), (61, 0.245), (22, 0.25666666666666665), (47, 0.26333333333333336), (41, 0.3025), (59, 0.31000000000000005), (50, 0.3733333333333333), (33, 0.3916666666666666), (18, 0.39300000000000007), (8, 0.4), (17, 0.404), (45, 0.404), (15, 0.40700000000000003), (19, 0.41), (32, 0.4133333333333333), (4, 0.41333333333333333), (34, 0.41600000000000004), (35, 0.41600000000000004), (2, 0.42), (23, 0.42), (27, 0.43199999999999994), (6, 0.43500000000000005), (43, 0.48), (44, 0.622)]
[(12, 0.44), (55, 0.44), (16, 0.4566666666666667), (34, 0.46749999999999997), (59, 0.47000000000000003), (4, 0.49000000000000005), (47, 0.5), (40, 0.51), (17, 0.5266666666666667), (41, 0.5266666666666667), (57, 0.5266666666666667), (21, 0.5325), (45, 0.55), (51, 0.5599999999999999), (42, 0.5822222222222222), (33, 0.585), (44, 0.5933333333333333), (9, 0.6025), (22, 0.611), (6, 0.6222222222222222), (35, 0.6233333333333333), (39, 0.63)]
"\x59\x62\x9B\xF9\xB9\xE5\x68\xAF\x3A\xFE\x5E\x7F\xE3\x06\xE0\xDA"
[33, 57, 3, 30, 40, 59, 8, 28, 38, 55, 12, 28, 41, 48, 5, 21, 37, 59, 11, 18, 40, 52, 0, 31, 33, 48, 6, 30, 44, 62, 2, 20, 44, 54, 7, 18, 36, 52, 0, 23, 42, 51, 9, 29, 42, 63, 13, 17, 37, 58, 0, 27, 36, 62, 12, 24, 47, 50, 8, 29, 45, 51, 12, 16, 33, 49, 8, 28, 39, 52, 4, 23, 32, 48, 11, 21, 34, 48, 11, 29, 47, 56, 1, 18, 42, 48, 8, 25, 41, 62, 6, 20, 39, 57, 11, 21, 41, 63, 15, 16, 40, 53, 9, 23, 43, 49, 7, 24, 47, 52, 3, 25, 47, 52, 13, 21, 34, 59, 0, 27, 44, 62, 15, 19, 34, 60, 2, 30, 36, 55, 4, 23, 35, 51, 10, 25, 37, 58, 6, 19, 43, 49, 8, 18, 8, 24, 47, 51, 15, 29, 33, 58, 1, 28, 39, 56, 14, 26, 45, 55]
[(4, 0.18), (47, 0.18), (33, 0.26), (57, 0.29000000000000004), (3, 0.30000000000000004), (54, 0.312), (50, 0.336), (40, 0.36), (44, 0.4), (59, 0.41200000000000003), (18, 0.42400000000000004), (30, 0.44000000000000006), (43, 0.4466666666666667), (45, 0.47000000000000003), (38, 0.48), (28, 0.5), (46, 0.5559999999999999), (41, 0.5720000000000001), (48, 0.6), (12, 0.6266666666666667), (5, 0.64), (8, 0.66), (55, 0.7), (21, 0.75), (17, 0.772), (27, 0.784), (20, 0.8066666666666666)]
[(37, 0.02), (59, 0.03), (11, 0.043333333333333335), (18, 0.06333333333333334), (40, 0.1), (31, 0.11400000000000002), (30, 0.11666666666666668), (52, 0.12666666666666668), (33, 0.14666666666666664), (48, 0.20400000000000001), (45, 0.20800000000000002), (4, 0.20857142857142857), (2, 0.23500000000000001), (22, 0.273), (44, 0.28900000000000003), (6, 0.30111111111111116), (20, 0.31), (12, 0.5), (24, 0.8933333333333332)]
"\x36\x08\x53\x8A\x56\x5E\xD5\x55\x90\xEC\xF6\x4B\x3B\x95\xC0\x74"
[39, 50, 9, 20, 38, 58, 10, 27, 44, 62, 0, 19, 36, 54, 14, 22, 47, 55, 0, 18, 46, 48, 1, 26, 39, 60, 0, 30, 34, 61, 0, 18, 38, 50, 15, 25, 40, 55, 3, 31, 39, 55, 1, 23, 41, 59, 1, 27, 39, 57, 9, 19, 43, 50, 14, 25, 33, 53, 0, 29, 35, 58, 7, 19, 32, 63, 3, 18, 40, 57, 7, 29, 40, 52, 11, 18, 42, 58, 7, 20, 42, 59, 3, 18, 46, 55, 6, 17, 32, 48, 2, 17, 39, 56, 12, 16, 32, 50, 0, 31, 39, 52, 14, 29, 33, 48, 7, 29, 47, 57, 3, 26, 35, 62, 6, 23, 36, 62, 11, 23, 47, 49, 6, 18, 38, 48, 11, 23, 36, 48, 3, 28, 46, 53, 5, 17, 33, 49, 8, 29, 35, 53, 12, 17, 7, 22, 36, 52, 8, 27, 34, 56, 15, 29, 43, 48, 12, 16, 40, 56]
[(17, 0.479), (47, 0.51), (9, 0.52), (39, 0.52), (50, 0.52), (38, 0.5425), (20, 0.5449999999999999), (55, 0.5469999999999999), (10, 0.5733333333333334), (58, 0.5966666666666667), (54, 0.6125), (44, 0.6299999999999999), (27, 0.63), (36, 0.6357142857142858), (33, 0.65), (35, 0.6799999999999999), (19, 0.6866666666666666), (14, 0.6885714285714285), (4, 0.6966666666666667), (43, 0.7), (22, 0.71), (15, 0.736), (6, 0.7424999999999999), (23, 0.7433333333333333), (7, 0.8), (16, 0.8), (32, 0.8)]
[(47, 0.14), (55, 0.17), (46, 0.202), (48, 0.23199999999999998), (26, 0.245), (39, 0.2571428571428571), (60, 0.28833333333333333), (30, 0.3114285714285714), (34, 0.31285714285714283), (44, 0.33), (4, 0.3433333333333333), (35, 0.34800000000000003), (18, 0.36714285714285716), (6, 0.3833333333333333), (33, 0.3955555555555556), (61, 0.41), (54, 0.453)]
"\xA5\xF4\x45\x7A\xA9\x1F\x70\xFD\xE4\xE2\xCE\xB4\x46\x05\xB2\x66"
[46, 54, 10, 21, 41, 58, 13, 20, 43, 55, 1, 25, 35, 57, 4, 25, 34, 59, 3, 16, 37, 51, 6, 16, 45, 61, 13, 31, 44, 62, 12, 23, 47, 49, 3, 18, 45, 61, 14, 27, 44, 61, 15, 27, 42, 54, 12, 18, 35, 61, 0, 24, 46, 49, 6, 31, 36, 59, 7, 18, 41, 55, 14, 23, 36, 56, 6, 27, 41, 52, 3, 22, 43, 63, 3, 21, 33, 57, 9, 30, 37, 62, 8, 25, 35, 60, 11, 30, 35, 58, 9, 30, 35, 56, 2, 22, 46, 48, 0, 18, 35, 61, 3, 21, 45, 57, 15, 22, 45, 55, 7, 21, 42, 55, 1, 18, 46, 54, 12, 26, 33, 62, 1, 17, 32, 63, 15, 18, 39, 60, 12, 21, 37, 49, 12, 29, 37, 61, 15, 23, 37, 53, 10, 17, 12, 26, 36, 50, 12, 18, 40, 57, 12, 22, 34, 56, 9, 30, 36, 60]
[(44, 0.23), (47, 0.23), (17, 0.26), (28, 0.26), (14, 0.2833333333333333), (10, 0.2866666666666667), (5, 0.32), (58, 0.324), (46, 0.32499999999999996), (43, 0.33), (21, 0.34), (41, 0.355), (13, 0.36000000000000004), (45, 0.36800000000000005), (26, 0.38), (33, 0.39), (55, 0.3933333333333333), (54, 0.4388888888888889), (2, 0.44), (6, 0.458), (4, 0.46099999999999997), (57, 0.46333333333333343), (35, 0.4744444444444444), (25, 0.505), (20, 0.58), (51, 0.79)]
[(46, 0.08), (34, 0.12), (3, 0.14), (59, 0.14), (6, 0.15), (17, 0.15), (35, 0.19), (37, 0.22000000000000003), (51, 0.22000000000000003), (47, 0.24), (61, 0.24), (60, 0.252), (16, 0.288), (33, 0.296), (44, 0.30666666666666664), (45, 0.32), (12, 0.4), (31, 0.42000000000000004), (4, 0.49333333333333335), (14, 0.584), (21, 0.6479999999999999), (28, 0.66), (23, 0.7), (25, 0.708)]
"\x3E\xAF\x99\xC6\x69\xF0\x1C\x42\xC8\xC8\x44\xDD\xA0\x00\xFA\xBB"
[39, 56, 2, 24, 37, 56, 9, 31, 41, 55, 12, 18, 45, 60, 2, 31, 45, 59, 7, 22, 36, 56, 14, 20, 40, 63, 3, 19, 42, 50, 1, 24, 39, 53, 11, 16, 39, 62, 9, 21, 40, 59, 8, 29, 33, 53, 0, 24, 33, 49, 7, 20, 34, 62, 8, 30, 46, 56, 3, 25, 40, 48, 9, 16, 41, 56, 15, 26, 38, 51, 11, 24, 41, 52, 11, 22, 43, 51, 0, 26, 32, 51, 8, 16, 35, 49, 6, 30, 42, 55, 11, 26, 36, 59, 9, 25, 37, 59, 15, 16, 35, 57, 10, 24, 36, 62, 9, 20, 43, 53, 14, 21, 45, 49, 13, 27, 47, 60, 10, 21, 38, 56, 13, 28, 35, 51, 4, 17, 38, 56, 4, 18, 42, 49, 13, 30, 44, 63, 1, 26, 47, 51, 3, 24, 1, 27, 41, 50, 3, 25, 37, 59, 13, 26, 46, 57, 11, 18, 40, 63]
[(42, 0.41500000000000004), (47, 0.42), (7, 0.485), (37, 0.49), (56, 0.5025), (41, 0.505), (12, 0.5325), (18, 0.5325), (55, 0.5475), (23, 0.558), (39, 0.56), (3, 0.5690000000000001), (24, 0.5740000000000001), (6, 0.58), (45, 0.5857142857142856), (60, 0.5880000000000001), (31, 0.5883333333333334), (2, 0.6066666666666667), (49, 0.615), (27, 0.63), (52, 0.6366666666666667), (4, 0.645), (8, 0.66), (13, 0.675), (43, 0.72), (44, 0.72)]
[(27, 0.402), (7, 0.4225), (8, 0.43499999999999994), (59, 0.49), (14, 0.5), (22, 0.515), (36, 0.52), (56, 0.5425), (42, 0.546), (60, 0.563), (20, 0.5660000000000001), (40, 0.593), (48, 0.626), (3, 0.638), (4, 0.6511111111111112), (19, 0.6533333333333333), (44, 0.6675), (6, 0.6766666666666666), (24, 0.6839999999999999), (50, 0.6999999999999998), (23, 0.708), (45, 0.735)]
"\x8E\xA6\x51\x7C\x1A\xDB\xFD\x08\x6F\xAD\xC8\x35\xF2\x12\xE0\x37"
[44, 58, 10, 16, 34, 62, 8, 20, 35, 54, 0, 22, 40, 60, 12, 17, 37, 51, 7, 29, 43, 54, 15, 20, 41, 60, 9, 25, 37, 50, 11, 20, 39, 59, 3, 28, 32, 51, 9, 29, 36, 48, 11, 22, 44, 59, 12, 24, 37, 58, 1, 21, 45, 53, 11, 20, 38, 55, 10, 20, 34, 55, 4, 26, 41, 48, 3, 21, 43, 48, 3, 22, 39, 58, 15, 19, 35, 57, 4, 25, 40, 62, 15, 30, 44, 58, 4, 29, 38, 57, 6, 29, 45, 58, 7, 29, 35, 60, 13, 27, 47, 59, 5, 23, 40, 50, 2, 27, 33, 54, 3, 31, 34, 60, 4, 19, 42, 60, 5, 28, 43, 54, 2, 31, 46, 52, 14, 30, 46, 52, 2, 21, 47, 57, 11, 17, 38, 61, 3, 24, 39, 52, 11, 31, 0, 21, 37, 57, 2, 24, 34, 52, 7, 18, 46, 51, 10, 26, 33, 54]
[(7, 0.33999999999999997), (47, 0.34), (58, 0.34), (16, 0.365), (10, 0.38), (15, 0.395), (20, 0.43), (54, 0.45333333333333337), (35, 0.47), (43, 0.483), (8, 0.493), (27, 0.501), (40, 0.506), (6, 0.51), (60, 0.512), (33, 0.5159999999999999), (12, 0.526), (34, 0.5299999999999999), (11, 0.55), (52, 0.55), (17, 0.567), (5, 0.5933333333333334), (19, 0.5933333333333334), (21, 0.605), (50, 0.6066666666666667)]
[(43, 0.17), (51, 0.18), (4, 0.185), (7, 0.2), (29, 0.20500000000000002), (54, 0.24333333333333332), (15, 0.25), (41, 0.27), (37, 0.32399999999999995), (34, 0.3383333333333334), (50, 0.34), (6, 0.3466666666666666), (9, 0.35), (25, 0.37666666666666665), (33, 0.382), (11, 0.4175), (44, 0.45), (14, 0.52), (31, 0.52), (42, 0.87), (21, 0.89)]
"\x4D\x30\x5F\xAA\x5C\x33\x01\x5C\x24\x14\x2F\x81\x1B\x37\xD3\x88"
[32, 52, 4, 27, 38, 53, 11, 25, 39, 52, 0, 19, 38, 53, 3, 26, 46, 56, 7, 28, 46, 56, 15, 25, 46, 63, 7, 23, 38, 48, 10, 20, 46, 55, 15, 16, 44, 54, 10, 19, 37, 63, 3, 29, 37, 50, 10, 22, 35, 60, 14, 28, 35, 55, 10, 25, 36, 49, 14, 16, 43, 59, 6, 22, 43, 49, 5, 19, 42, 49, 15, 30, 43, 63, 14, 29, 42, 59, 2, 19, 46, 61, 11, 25, 33, 49, 2, 22, 45, 49, 6, 23, 40, 50, 1, 21, 47, 53, 15, 16, 35, 59, 6, 31, 44, 56, 7, 16, 32, 55, 5, 21, 35, 59, 12, 30, 45, 56, 12, 29, 44, 51, 6, 20, 33, 55, 10, 25, 36, 63, 8, 20, 47, 53, 9, 29, 36, 59, 0, 24, 47, 61, 9, 30, 11, 16, 45, 63, 3, 20, 38, 49, 0, 18, 35, 51, 8, 30, 42, 52]
[(32, 0.06), (47, 0.06), (27, 0.12666666666666668), (11, 0.13), (25, 0.192), (4, 0.2), (52, 0.3), (38, 0.304), (5, 0.312), (3, 0.32), (39, 0.34), (19, 0.34800000000000003), (53, 0.37200000000000005), (35, 0.45600000000000007), (44, 0.48), (14, 0.52), (57, 0.63), (24, 0.64), (26, 0.68), (6, 0.7533333333333333)]
[(30, 0.388), (28, 0.4), (46, 0.4666666666666666), (56, 0.47), (15, 0.496), (57, 0.5), (23, 0.505), (44, 0.52), (19, 0.584), (24, 0.612), (48, 0.64), (6, 0.6933333333333334), (45, 0.6933333333333334), (10, 0.696), (4, 0.74), (20, 0.7733333333333333), (38, 0.78)]
"\xC9\x7E\xF4\x5B\xFB\x5F\xFC\x65\x4B\xFA\xAE\x2D\x1E\xB8\x9C\xA5"
[40, 50, 12, 25, 44, 59, 15, 22, 33, 60, 10, 16, 38, 49, 12, 16, 38, 63, 14, 26, 38, 56, 10, 26, 45, 51, 1, 21, 34, 60, 8, 30, 41, 62, 12, 18, 36, 52, 5, 21, 33, 61, 12, 23, 43, 49, 8, 23, 44, 60, 15, 24, 35, 51, 9, 17, 37, 61, 13, 23, 35, 58, 7, 18, 37, 48, 13, 23, 46, 58, 12, 24, 42, 59, 0, 18, 43, 62, 4, 31, 36, 54, 4, 16, 41, 63, 12, 23, 40, 60, 3, 23, 33, 58, 15, 16, 34, 49, 1, 22, 38, 53, 0, 22, 36, 62, 15, 27, 47, 59, 2, 19, 47, 56, 4, 24, 38, 62, 5, 22, 45, 55, 4, 17, 42, 61, 2, 17, 41, 60, 15, 20, 42, 54, 3, 29, 37, 53, 0, 27, 36, 59, 8, 30, 4, 19, 46, 55, 11, 16, 40, 63, 13, 26, 37, 62, 5, 16, 37, 56]
[(1, 0.28), (47, 0.32), (40, 0.37), (25, 0.38999999999999996), (22, 0.42), (59, 0.425), (44, 0.44), (15, 0.445), (33, 0.45600000000000007), (6, 0.47333333333333333), (60, 0.47500000000000003), (10, 0.49375), (43, 0.532), (23, 0.54), (49, 0.5411111111111111), (4, 0.5499999999999999), (16, 0.5549999999999999), (12, 0.5733333333333334), (45, 0.5940000000000001)]
[(14, 0.25), (51, 0.29500000000000004), (56, 0.3), (10, 0.305), (45, 0.3177777777777778), (26, 0.32), (8, 0.33), (21, 0.3425), (28, 0.343), (4, 0.3566666666666667), (34, 0.362), (6, 0.3825), (1, 0.38999999999999996), (44, 0.41), (30, 0.43000000000000005), (60, 0.442), (23, 0.4566666666666667), (46, 0.555), (37, 0.603), (22, 0.727)]
"\xB6\x46\xFD\x22\xD2\xE4\xF7\x27\x6D\x91\x7E\x82\x27\x2B\x90\xAC"
[47, 57, 1, 25, 46, 61, 15, 17, 35, 53, 10, 20, 37, 50, 12, 26, 37, 60, 14, 22, 32, 51, 3, 30, 39, 49, 13, 25, 33, 51, 0, 20, 36, 58, 8, 16, 47, 55, 4, 18, 37, 55, 10, 28, 38, 61, 2, 18, 37, 50, 6, 19, 33, 51, 5, 17, 36, 55, 13, 18, 46, 59, 11, 18, 39, 60, 10, 21, 42, 56, 7, 19, 37, 48, 10, 19, 47, 49, 15, 31, 45, 59, 1, 31, 43, 49, 2, 31, 41, 57, 4, 18, 35, 51, 6, 22, 39, 55, 3, 16, 39, 49, 14, 16, 45, 59, 12, 29, 38, 63, 1, 22, 44, 54, 13, 25, 38, 58, 0, 30, 34, 54, 15, 31, 46, 54, 10, 26, 44, 51, 0, 23, 37, 48, 6, 31, 34, 50, 14, 30, 38, 56, 5, 16, 3, 21, 45, 50, 3, 23, 44, 62, 13, 23, 42, 48, 14, 25, 42, 54]
[(47, 0.065), (57, 0.08), (15, 0.09), (1, 0.10666666666666667), (61, 0.15), (25, 0.17), (53, 0.182), (43, 0.22), (10, 0.238), (17, 0.24666666666666667), (4, 0.252), (6, 0.2542857142857143), (46, 0.26), (34, 0.2816666666666667), (37, 0.3033333333333333), (20, 0.314), (33, 0.33), (35, 0.33499999999999996), (26, 0.38), (50, 0.384), (5, 0.41000000000000003), (12, 0.4266666666666667), (60, 0.454), (19, 0.55), (45, 0.55), (7, 0.5780000000000001)]
[(37, 0.12), (60, 0.155), (22, 0.26), (32, 0.28), (4, 0.31833333333333336), (30, 0.32), (39, 0.3275), (3, 0.345), (49, 0.356), (33, 0.37625), (13, 0.41), (51, 0.41), (25, 0.41), (27, 0.41500000000000004), (7, 0.469), (44, 0.4716666666666667), (34, 0.49666666666666665), (6, 0.5090000000000001), (20, 0.564)]
"\x1E\xBF\xD0\x10\x62\xC3\xC0\x48\xA8\x93\x9A\xA4\x42\x33\x01\x25"
[37, 59, 15, 17, 37, 61, 6, 18, 47, 52, 8, 18, 35, 61, 15, 24, 38, 54, 8, 21, 39, 56, 12, 29, 38, 52, 8, 31, 37, 56, 10, 26, 32, 59, 15, 31, 43, 51, 2, 17, 38, 60, 10, 22, 44, 54, 10, 23, 35, 52, 7, 30, 41, 58, 10, 17, 33, 57, 3, 16, 46, 54, 14, 18, 39, 49, 15, 25, 36, 59, 0, 31, 36, 60, 12, 25, 43, 63, 9, 30, 45, 53, 7, 31, 43, 59, 1, 24, 37, 61, 12, 29, 33, 57, 5, 28, 33, 61, 3, 29, 43, 50, 15, 19, 34, 57, 7, 26, 43, 59, 12, 28, 43, 62, 4, 17, 39, 54, 0, 26, 38, 60, 13, 17, 39, 52, 11, 19, 43, 48, 5, 17, 33, 50, 14, 23, 43, 59, 15, 21, 47, 59, 0, 17, 11, 16, 35, 53, 13, 31, 38, 53, 10, 31, 47, 48, 9, 26, 36, 48]
[(59, 0.325), (37, 0.345), (17, 0.345), (47, 0.38666666666666666), (61, 0.41500000000000004), (8, 0.4216666666666667), (52, 0.425), (43, 0.4428571428571429), (18, 0.44800000000000006), (24, 0.44899999999999995), (35, 0.4583333333333333), (15, 0.45999999999999996), (23, 0.495), (6, 0.5025000000000001), (25, 0.515), (40, 0.58), (22, 0.585), (7, 0.5966666666666667), (4, 0.6499999999999999), (50, 0.95)]
[(50, 0.02), (54, 0.1), (8, 0.14), (12, 0.15000000000000002), (39, 0.20400000000000001), (38, 0.22000000000000003), (52, 0.268), (37, 0.336), (29, 0.34), (56, 0.37), (31, 0.372), (6, 0.385), (44, 0.3933333333333333), (25, 0.41500000000000004), (10, 0.45), (26, 0.45999999999999996), (28, 0.4640000000000001), (16, 0.4960000000000001), (57, 0.528), (24, 0.69), (4, 0.72)]
"\xF4\xF9\x8A\x44\x43\x55\xEC\x2C\xBF\xCD\x55\x9A\x2E\x10\x83\x18"
[43, 50, 3, 18, 39, 56, 14, 23, 46, 54, 13, 20, 37, 57, 13, 27, 36, 55, 9, 24, 38, 60, 1, 18, 37, 62, 10, 30, 36, 59, 14, 21, 39, 54, 14, 28, 38, 61, 6, 30, 37, 48, 11, 24, 43, 52, 6, 19, 43, 51, 15, 24, 42, 63, 3, 17, 40, 50, 1, 20, 46, 48, 1, 21, 34, 63, 15, 29, 40, 53, 10, 16, 39, 57, 3, 28, 40, 51, 14, 29, 44, 56, 5, 21, 44, 63, 15, 25, 37, 62, 3, 22, 33, 53, 8, 21, 43, 58, 3, 19, 39, 58, 7, 24, 45, 54, 2, 28, 38, 61, 9, 20, 37, 50, 13, 21, 46, 62, 11, 18, 37, 51, 5, 20, 40, 54, 9, 31, 40, 56, 9, 19, 34, 57, 1, 23, 47, 50, 4, 20, 41, 60, 2, 25, 6, 18, 34, 63, 14, 17, 32, 61, 9, 29, 35, 55, 8, 27, 35, 58]
[(47, 0.31), (43, 0.35), (3, 0.36), (18, 0.38999999999999996), (39, 0.39999999999999997), (14, 0.41), (23, 0.41), (56, 0.4466666666666666), (20, 0.4720000000000001), (32, 0.49374999999999997), (50, 0.495), (27, 0.502), (45, 0.505), (13, 0.509), (54, 0.5183333333333332), (46, 0.5375), (4, 0.5479999999999999), (34, 0.5675), (6, 0.5744444444444444), (37, 0.582), (57, 0.6066666666666666), (33, 0.63), (28, 0.67)]
[(55, 0.26), (9, 0.28), (24, 0.31333333333333335), (18, 0.4), (26, 0.40800000000000003), (37, 0.41600000000000004), (54, 0.43600000000000005), (10, 0.45199999999999996), (38, 0.46), (60, 0.47), (1, 0.48), (4, 0.52), (44, 0.5449999999999999), (42, 0.5519999999999999), (14, 0.5720000000000001), (46, 0.576), (30, 0.58), (17, 0.592), (6, 0.6559999999999999), (41, 0.688), (59, 0.692), (36, 0.7133333333333334), (34, 0.7333333333333333), (21, 0.748)]
"\x26\x85\xC6\x1F\xCC\xF4\xE8\xAD\xCC\x46\x93\x7D\xD8\x12\x51\xFA"
[38, 56, 15, 28, 47, 48, 3, 18, 41, 54, 9, 28, 42, 62, 13, 21, 36, 58, 1, 26, 38, 57, 12, 16, 40, 61, 7, 18, 33, 55, 2, 18, 43, 56, 13, 18, 41, 62, 10, 27, 45, 63, 2, 26, 47, 52, 6, 24, 34, 61, 15, 22, 36, 59, 5, 29, 45, 58, 4, 29, 35, 61, 13, 24, 40, 51, 13, 20, 36, 56, 11, 27, 41, 53, 7, 20, 37, 59, 9, 17, 41, 59, 10, 20, 46, 49, 0, 24, 46, 56, 5, 17, 47, 54, 11, 31, 33, 49, 1, 27, 38, 56, 5, 30, 36, 61, 8, 27, 35, 52, 5, 28, 33, 63, 10, 16, 42, 62, 6, 29, 41, 51, 9, 21, 32, 49, 8, 29, 37, 58, 13, 27, 42, 48, 9, 20, 46, 58, 6, 29, 43, 51, 2, 18, 10, 25, 42, 55, 1, 31, 41, 58, 12, 29, 33, 49, 4, 31, 39, 59]
[(56, 0.26), (15, 0.28), (3, 0.3333333333333333), (18, 0.3333333333333333), (47, 0.35), (41, 0.38), (28, 0.39), (54, 0.41600000000000004), (43, 0.43), (60, 0.43199999999999994), (7, 0.44999999999999996), (33, 0.492), (42, 0.5), (4, 0.56), (30, 0.568), (6, 0.576), (13, 0.6), (21, 0.6000000000000001), (17, 0.616), (26, 0.62), (25, 0.69)]
[(26, 0.32599999999999996), (36, 0.33), (1, 0.3466666666666667), (58, 0.35), (57, 0.36000000000000004), (38, 0.36000000000000004), (2, 0.375), (12, 0.376), (16, 0.38), (7, 0.38625), (40, 0.41), (61, 0.4225), (33, 0.43), (55, 0.44), (23, 0.44111111111111106), (18, 0.446), (6, 0.45874999999999994), (48, 0.45899999999999996), (44, 0.4779999999999999), (4, 0.4800000000000001), (22, 0.502)]
"\x30\x7D\x31\xD4\xC8\x2C\x52\x4E\xD6\xE0\x1A\x5C\x82\xE9\xC1\x7C"
[39, 53, 7, 20, 47, 58, 10, 30, 40, 57, 6, 18, 47, 49, 6, 23, 44, 62, 8, 27, 39, 49, 8, 25, 39, 48, 11, 26, 42, 49, 12, 21, 37, 50, 0, 17, 37, 60, 3, 18, 37, 60, 8, 26, 44, 50, 4, 24, 43, 50, 12, 16, 47, 59, 5, 21, 33, 50, 3, 21, 34, 62, 1, 27, 37, 54, 6, 30, 45, 54, 13, 24, 35, 59, 12, 17, 33, 56, 6, 25, 46, 52, 5, 20, 36, 60, 12, 17, 42, 62, 14, 28, 39, 54, 13, 28, 37, 54, 6, 30, 38, 52, 1, 29, 35, 54, 12, 26, 37, 57, 10, 28, 39, 59, 2, 24, 35, 61, 4, 17, 41, 56, 3, 16, 35, 60, 11, 30, 43, 49, 1, 22, 34, 58, 4, 21, 37, 58, 0, 29, 42, 63, 10, 25, 7, 18, 36, 58, 11, 23, 40, 48, 11, 18, 35, 50, 13, 27, 44, 51]
[(33, 0.442), (39, 0.475), (53, 0.475), (20, 0.5), (42, 0.51), (58, 0.5159999999999999), (10, 0.5279999999999999), (7, 0.5566666666666666), (47, 0.5987499999999999), (18, 0.6060000000000001), (57, 0.61125), (40, 0.6114285714285714), (32, 0.6283333333333333), (30, 0.631), (34, 0.6342857142857142), (6, 0.6344444444444445), (23, 0.645), (49, 0.6487499999999999), (43, 0.6549999999999999), (4, 0.665), (12, 0.7075), (17, 0.795)]
[(25, 0.29500000000000004), (8, 0.30250000000000005), (27, 0.315), (39, 0.34500000000000003), (48, 0.38), (11, 0.3833333333333333), (6, 0.3866666666666667), (44, 0.3990000000000001), (42, 0.41375000000000006), (49, 0.421), (34, 0.426), (26, 0.445), (12, 0.44999999999999996), (21, 0.45099999999999996), (45, 0.4566666666666667), (4, 0.4571428571428572), (52, 0.47800000000000004), (32, 0.52)]
"\x9B\xF5\xF6\x87\xF9\x3F\x1A\x4B\x5E\xF9\x90\x3A\x06\x56\x66\x1F"
[45, 52, 15, 18, 44, 59, 0, 27, 32, 50, 10, 18, 39, 57, 2, 17, 41, 52, 8, 16, 47, 49, 4, 23, 39, 49, 1, 28, 40, 63, 14, 23, 45, 51, 8, 16, 33, 52, 12, 16, 40, 52, 13, 31, 40, 48, 3, 28, 36, 54, 14, 16, 41, 60, 14, 23, 36, 56, 3, 22, 36, 63, 3, 17, 45, 63, 1, 30, 45, 50, 13, 20, 45, 58, 5, 20, 38, 60, 12, 21, 35, 52, 6, 17, 32, 59, 14, 26, 37, 50, 10, 21, 41, 53, 13, 25, 39, 51, 12, 20, 46, 55, 8, 20, 38, 52, 5, 30, 42, 58, 2, 25, 43, 52, 8, 16, 37, 56, 3, 27, 47, 54, 2, 17, 36, 58, 11, 30, 46, 50, 15, 17, 39, 61, 0, 30, 43, 54, 12, 18, 37, 55, 9, 31, 0, 27, 33, 49, 8, 20, 42, 59, 12, 25, 47, 62, 5, 30, 40, 49]
[(52, 0.405), (59, 0.4366666666666667), (45, 0.48750000000000004), (32, 0.49), (18, 0.49285714285714294), (50, 0.505), (43, 0.5266666666666667), (39, 0.5333333333333333), (27, 0.536), (4, 0.545), (28, 0.5509999999999999), (15, 0.5583333333333333), (2, 0.5766666666666667), (25, 0.5816666666666667), (6, 0.5944444444444444), (9, 0.6), (23, 0.602), (57, 0.6020000000000001), (20, 0.619), (55, 0.6433333333333333), (40, 0.6699999999999999), (7, 0.69)]
[(52, 0.35), (15, 0.379), (8, 0.39), (16, 0.44), (39, 0.466), (47, 0.48), (49, 0.49400000000000005), (27, 0.51), (4, 0.5266666666666667), (28, 0.556), (25, 0.5633333333333334), (23, 0.5685714285714286), (6, 0.5799999999999998), (45, 0.596), (40, 0.606), (46, 0.611), (44, 0.6157142857142858), (14, 0.635)]
"\x88\xC8\xE5\x42\x5D\x9D\xF3\x3F\x78\xA5\x65\x89\xA5\x2C\xAF\x91"
[44, 62, 0, 26, 38, 62, 12, 23, 34, 53, 11, 21, 45, 58, 12, 26, 36, 54, 10, 31, 46, 59, 12, 20, 45, 63, 1, 17, 36, 58, 14, 31, 40, 62, 9, 31, 43, 62, 2, 19, 36, 48, 4, 16, 32, 58, 0, 23, 32, 57, 0, 31, 39, 58, 7, 24, 46, 58, 0, 28, 47, 58, 12, 18, 45, 59, 8, 18, 38, 59, 15, 16, 46, 61, 11, 20, 33, 55, 14, 29, 39, 49, 14, 31, 34, 59, 12, 21, 44, 63, 8, 31, 45, 61, 3, 24, 36, 50, 5, 28, 39, 61, 9, 16, 40, 57, 9, 29, 37, 59, 6, 17, 42, 58, 9, 30, 44, 59, 10, 17, 47, 53, 11, 21, 32, 58, 7, 27, 45, 58, 9, 21, 32, 53, 13, 16, 41, 52, 10, 19, 40, 53, 13, 30, 7, 20, 40, 49, 6, 30, 39, 58, 9, 25, 45, 59, 4, 22, 46, 49]
[(47, 0.28), (27, 0.375), (7, 0.38), (38, 0.4), (23, 0.4066666666666667), (45, 0.43), (46, 0.43142857142857144), (12, 0.43333333333333335), (53, 0.4525), (43, 0.45299999999999996), (4, 0.46), (11, 0.465), (44, 0.46799999999999997), (21, 0.47), (34, 0.4725), (6, 0.4760000000000001), (14, 0.48), (32, 0.49), (17, 0.54), (58, 0.54), (52, 0.56), (22, 0.6200000000000001), (26, 0.6200000000000001)]
[(54, 0.36), (26, 0.3655555555555556), (12, 0.385), (18, 0.40111111111111114), (46, 0.4149999999999999), (20, 0.43), (4, 0.47000000000000003), (59, 0.475), (45, 0.48200000000000004), (32, 0.5422222222222222), (6, 0.5499999999999999), (31, 0.5599999999999999), (49, 0.57), (34, 0.5711111111111111), (17, 0.5714285714285714), (50, 0.575), (58, 0.5766666666666667), (2, 0.6), (36, 0.625), (14, 0.642), (44, 0.6500000000000001), (28, 0.86)]
"\xBE\x63\x6D\x35\x12\x0D\x49\x87\x40\xAE\x7E\x83\xD4\x59\x61\xD7"
[47, 55, 1, 30, 34, 62, 0, 16, 33, 50, 3, 30, 42, 48, 7, 26, 42, 62, 6, 21, 41, 56, 8, 26, 34, 53, 2, 29, 41, 63, 12, 29, 39, 53, 6, 24, 42, 57, 13, 28, 45, 59, 13, 22, 34, 53, 14, 25, 47, 58, 1, 27, 44, 55, 15, 18, 33, 52, 15, 19, 45, 58, 12, 27, 45, 56, 1, 27, 33, 57, 11, 21, 42, 59, 12, 21, 35, 61, 10, 20, 43, 57, 8, 23, 39, 58, 10, 16, 44, 56, 9, 25, 45, 58, 5, 28, 33, 53, 3, 17, 42, 59, 3, 26, 43, 54, 7, 24, 40, 49, 3, 24, 40, 52, 15, 19, 38, 52, 8, 29, 42, 48, 13, 25, 34, 56, 8, 17, 35, 51, 2, 27, 47, 59, 15, 17, 38, 53, 9, 19, 40, 57, 3, 27, 11, 23, 40, 56, 9, 27, 40, 58, 9, 18, 39, 56, 8, 29, 35, 60]
[(33, 0.12142857142857143), (55, 0.12142857142857143), (34, 0.15714285714285714), (16, 0.20714285714285713), (10, 0.22857142857142856), (50, 0.22857142857142856), (47, 0.3224489795918367), (3, 0.32857142857142857), (42, 0.3321428571428572), (25, 0.33809523809523806), (4, 0.3642857142857143), (54, 0.37959183673469393), (45, 0.39714285714285713), (43, 0.42040816326530617), (23, 0.4306122448979592), (48, 0.4346938775510204), (9, 0.44285714285714284), (29, 0.4612244897959184), (7, 0.48775510204081635), (58, 0.5428571428571429), (27, 0.7020408163265307), (6, 0.7285714285714286), (44, 0.763265306122449)]
[(42, 0.17777777777777778), (26, 0.2611111111111111), (21, 0.2611111111111111), (56, 0.28148148148148144), (2, 0.3138888888888889), (8, 0.32592592592592595), (12, 0.36666666666666664), (4, 0.36851851851851847), (53, 0.3911111111111111), (34, 0.4222222222222222), (6, 0.4296296296296296), (41, 0.4333333333333333), (25, 0.4355555555555556), (29, 0.43749999999999994), (23, 0.44583333333333336), (44, 0.45277777777777783)]
"\x41\x71\x9F\x58\xA4\x3C\x96\x72\x1F\x8B\x4F\xA9\xAD\x82\x67\x90"
[32, 52, 2, 26, 41, 60, 0, 22, 36, 63, 12, 17, 45, 49, 10, 24, 37, 51, 7, 16, 44, 61, 7, 17, 36, 62, 2, 31, 46, 52, 9, 18, 33, 53, 15, 27, 37, 57, 6, 18, 33, 62, 5, 23, 46, 61, 5, 29, 37, 63, 6, 31, 43, 51, 3, 28, 34, 62, 0, 24, 38, 56, 9, 18, 35, 54, 0, 26, 38, 60, 4, 18, 39, 63, 5, 29, 43, 58, 4, 26, 46, 58, 12, 22, 36, 62, 5, 21, 39, 61, 10, 20, 33, 58, 14, 28, 36, 52, 10, 20, 32, 52, 11, 20, 37, 55, 15, 31, 35, 56, 15, 26, 39, 60, 10, 28, 40, 59, 5, 22, 47, 58, 9, 22, 41, 52, 9, 25, 35, 58, 13, 19, 33, 61, 8, 25, 33, 50, 15, 31, 40, 51, 6, 28, 0, 22, 36, 55, 3, 30, 41, 51, 8, 27, 43, 56, 9, 18, 38, 58]
[(44, 0.31), (38, 0.353), (47, 0.48), (32, 0.5), (2, 0.52), (41, 0.52), (60, 0.56), (33, 0.5890000000000001), (36, 0.6125), (17, 0.6416666666666667), (4, 0.6428571428571429), (22, 0.65), (12, 0.654), (49, 0.655), (45, 0.66625), (24, 0.66875), (6, 0.6762500000000001), (43, 0.68125), (52, 0.6950000000000001), (10, 0.7033333333333333), (25, 0.7366666666666667)]
[(23, 0.01), (20, 0.04), (61, 0.1475), (7, 0.172), (17, 0.19), (6, 0.205), (31, 0.23), (25, 0.23222222222222222), (36, 0.23500000000000001), (2, 0.236), (4, 0.23900000000000002), (9, 0.246), (46, 0.24666666666666667), (24, 0.262), (45, 0.266), (22, 0.29000000000000004), (51, 0.304), (52, 0.30800000000000005), (18, 0.3175), (39, 0.343), (27, 0.39499999999999996), (37, 0.466), (16, 0.512), (44, 0.515), (50, 0.62)]
"\x06\x24\x5C\x07\x41\xB2\xAC\x75\x2E\x63\x24\xDA\xE7\xD7\x82\x07"
[36, 60, 4, 19, 39, 50, 14, 19, 39, 58, 0, 17, 41, 52, 9, 31, 43, 63, 1, 25, 46, 50, 2, 28, 39, 63, 5, 20, 43, 50, 7, 30, 39, 56, 0, 16, 37, 59, 11, 20, 38, 49, 2, 19, 37, 49, 5, 30, 46, 59, 7, 16, 42, 56, 9, 28, 42, 62, 8, 29, 39, 58, 12, 23, 42, 50, 9, 28, 41, 60, 1, 22, 41, 56, 2, 29, 44, 59, 4, 17, 42, 60, 0, 17, 43, 48, 3, 17, 37, 49, 1, 17, 41, 58, 12, 17, 33, 51, 9, 26, 45, 55, 14, 24, 36, 59, 15, 16, 42, 49, 10, 23, 37, 60, 6, 29, 44, 54, 8, 17, 44, 56, 3, 24, 33, 58, 13, 25, 35, 55, 15, 20, 40, 50, 11, 27, 47, 56, 9, 22, 37, 58, 14, 30, 0, 19, 40, 55, 1, 29, 43, 54, 5, 20, 42, 59, 2, 25, 42, 62]
[(36, 0.14), (50, 0.265), (4, 0.296), (26, 0.3), (19, 0.32), (39, 0.336), (10, 0.36), (58, 0.38), (45, 0.392), (60, 0.42400000000000004), (43, 0.43333333333333335), (21, 0.48), (51, 0.48), (14, 0.488), (47, 0.4960000000000001), (17, 0.516), (31, 0.536), (52, 0.544), (9, 0.6066666666666666), (23, 0.6359999999999999), (38, 0.6759999999999999), (6, 0.7), (11, 0.7), (33, 0.732), (7, 0.88), (18, 0.88), (37, 0.88)]
[(25, 0.475), (46, 0.49), (5, 0.5033333333333333), (2, 0.516), (28, 0.53), (54, 0.5349999999999999), (30, 0.5725), (39, 0.5800000000000001), (20, 0.6071428571428571), (50, 0.6171428571428572), (43, 0.64), (4, 0.66), (7, 0.6616666666666667), (44, 0.6666666666666666), (23, 0.6775000000000001), (16, 0.69), (21, 0.6900000000000001), (55, 0.71), (53, 0.71), (27, 0.89)]
"\x83\x8F\x27\x32\x49\x3C\x1A\x1E\x75\x1B\x03\x95\x0B\x0B\xA1\xA5"
[44, 52, 6, 25, 39, 53, 12, 16, 34, 55, 7, 23, 39, 62, 2, 27, 35, 50, 0, 25, 44, 57, 8, 24, 41, 48, 3, 16, 34, 48, 14, 17, 37, 62, 5, 31, 40, 56, 7, 23, 42, 60, 5, 25, 37, 60, 11, 28, 35, 57, 0, 29, 35, 59, 11, 24, 47, 62, 3, 21, 47, 49, 13, 20, 33, 54, 2, 17, 32, 55, 13, 25, 44, 48, 13, 17, 37, 52, 6, 26, 33, 60, 5, 22, 36, 51, 14, 21, 34, 55, 11, 19, 45, 52, 1, 21, 33, 53, 1, 16, 42, 62, 0, 17, 33, 61, 12, 22, 36, 57, 3, 18, 45, 58, 6, 23, 46, 56, 13, 25, 40, 51, 9, 19, 34, 50, 14, 29, 36, 52, 9, 18, 34, 51, 2, 19, 38, 53, 6, 30, 41, 53, 10, 18, 15, 21, 42, 55, 5, 31, 33, 60, 0, 23, 35, 54, 9, 27, 39, 53]
[(44, 0.42), (47, 0.42), (52, 0.45), (25, 0.47), (46, 0.479), (53, 0.48857142857142855), (12, 0.495), (8, 0.506), (16, 0.5066666666666667), (34, 0.5125000000000001), (43, 0.513), (7, 0.5283333333333333), (39, 0.53375), (23, 0.55), (27, 0.554), (28, 0.5599999999999999), (36, 0.5599999999999999), (3, 0.5625), (6, 0.5685714285714285), (4, 0.5766666666666667), (55, 0.587), (18, 0.61), (56, 0.61), (2, 0.62)]
[(29, 0.5650000000000001), (35, 0.59), (50, 0.6), (25, 0.615), (8, 0.64), (57, 0.6475), (24, 0.6642857142857144), (4, 0.6799999999999999), (14, 0.6933333333333334), (41, 0.695), (16, 0.7140000000000001), (6, 0.7375), (44, 0.7457142857142857), (3, 0.755), (48, 0.763), (36, 0.77625), (34, 0.7925), (17, 0.868)]
"\x9C\x3A\xC4\xA0\x34\x24\x76\x6F\xE8\x59\x3A\x4B\xFE\x06\x58\x37"
[45, 53, 5, 16, 32, 49, 3, 25, 43, 55, 9, 16, 40, 53, 4, 22, 38, 62, 3, 21, 32, 63, 0, 19, 42, 60, 14, 26, 39, 51, 11, 24, 37, 49, 10, 22, 42, 63, 3, 21, 40, 61, 8, 27, 42, 59, 14, 28, 34, 56, 8, 19, 44, 62, 8, 17, 39, 51, 14, 30, 35, 61, 11, 19, 38, 48, 2, 24, 41, 49, 1, 19, 36, 53, 2, 27, 39, 54, 5, 28, 45, 53, 11, 29, 42, 50, 15, 31, 34, 48, 9, 19, 45, 51, 7, 25, 39, 54, 7, 21, 44, 51, 14, 21, 32, 52, 12, 31, 36, 62, 9, 19, 36, 49, 11, 17, 32, 59, 10, 28, 43, 59, 13, 21, 32, 53, 0, 22, 34, 59, 4, 16, 47, 61, 2, 28, 35, 55, 12, 27, 37, 57, 10, 20, 0, 28, 47, 51, 12, 25, 32, 54, 8, 25, 39, 54, 7, 21, 38, 62]
[(27, 0.25), (47, 0.29), (32, 0.3433333333333333), (49, 0.39), (3, 0.3933333333333333), (45, 0.42), (55, 0.43333333333333335), (25, 0.465), (9, 0.49), (21, 0.492), (53, 0.506), (43, 0.5066666666666667), (16, 0.51), (46, 0.51), (23, 0.5237499999999999), (40, 0.5266666666666667), (6, 0.56125), (4, 0.575), (22, 0.575), (33, 0.599), (51, 0.6475), (30, 0.6599999999999999), (35, 0.6866666666666666), (31, 0.6900000000000001)]
[(38, 0.32), (3, 0.33), (32, 0.3566666666666667), (19, 0.38999999999999996), (42, 0.4275), (39, 0.4366666666666667), (21, 0.4375), (14, 0.44), (27, 0.44), (60, 0.44), (6, 0.4566666666666667), (5, 0.457), (4, 0.458), (11, 0.4683333333333333), (44, 0.46900000000000003), (26, 0.4833333333333334), (51, 0.5), (23, 0.5033333333333333), (22, 0.525), (24, 0.5349999999999999), (45, 0.5479999999999999), (10, 0.554)]
"\x72\x6D\xAA\x19\x73\xD4\x21\x5B\x84\x27\x52\x72\x7D\xFB\xDB\xC6"
[35, 58, 3, 31, 36, 54, 11, 18, 45, 56, 15, 19, 32, 48, 1, 21, 45, 54, 14, 16, 36, 50, 1, 28, 39, 57, 3, 23, 40, 50, 1, 24, 35, 62, 4, 29, 35, 62, 10, 26, 33, 53, 5, 19, 37, 48, 11, 22, 45, 53, 13, 20, 47, 60, 14, 20, 38, 56, 15, 18, 41, 54, 12, 22, 42, 52, 6, 21, 43, 63, 13, 29, 34, 48, 9, 30, 34, 58, 2, 26, 38, 58, 6, 31, 46, 53, 4, 16, 37, 56, 14, 23, 34, 60, 4, 20, 38, 59, 6, 20, 34, 49, 1, 30, 46, 53, 4, 19, 35, 57, 2, 26, 37, 49, 1, 16, 47, 50, 15, 19, 41, 59, 10, 20, 32, 63, 13, 29, 32, 52, 3, 25, 35, 59, 8, 16, 43, 50, 3, 20, 39, 58, 3, 16, 14, 20, 39, 58, 3, 20, 39, 53, 13, 16, 42, 60, 2, 29, 35, 52]
[(44, 0.38666666666666666), (31, 0.41), (47, 0.41), (35, 0.435), (58, 0.45), (33, 0.46799999999999997), (11, 0.5233333333333333), (54, 0.5266666666666667), (53, 0.531), (45, 0.56125), (15, 0.5733333333333334), (36, 0.5942857142857143), (56, 0.6075), (19, 0.6100000000000001), (18, 0.625), (4, 0.6289999999999999), (43, 0.63), (34, 0.6333333333333333), (6, 0.653), (10, 0.66), (21, 0.6816666666666666), (32, 0.69), (13, 0.7083333333333334), (48, 0.7266666666666667), (60, 0.7400000000000001), (22, 0.75), (46, 0.7999999999999999), (55, 0.85)]
[(54, 0.5), (29, 0.5011111111111111), (14, 0.53), (16, 0.535), (45, 0.5733333333333333), (4, 0.6020000000000001), (28, 0.62), (36, 0.64), (39, 0.645), (40, 0.6499999999999999), (34, 0.65), (50, 0.655), (57, 0.658), (3, 0.6633333333333332), (6, 0.665), (23, 0.6799999999999999), (24, 0.7077777777777778)]
"\xAB\x63\x2E\x38\x97\x8B\xB1\x56\xCB\x56\xE2\x10\x3D\x35\x65\x47"
[46, 63, 8, 23, 42, 49, 0, 16, 41, 52, 7, 19, 36, 48, 8, 19, 37, 62, 4, 21, 41, 52, 13, 22, 40, 56, 9, 23, 43, 62, 0, 25, 44, 62, 10, 27, 34, 52, 10, 17, 47, 58, 7, 31, 40, 63, 1, 22, 43, 55, 9, 24, 34, 61, 12, 18, 38, 52, 14, 20, 42, 54, 15, 29, 37, 50, 14, 20, 41, 48, 10, 26, 45, 52, 2, 22, 38, 52, 8, 30, 39, 63, 11, 24, 35, 52, 15, 27, 38, 52, 3, 27, 33, 53, 14, 27, 39, 49, 5, 23, 32, 55, 12, 16, 41, 51, 1, 27, 45, 61, 5, 25, 47, 59, 12, 23, 46, 54, 15, 17, 40, 53, 5, 29, 37, 63, 3, 19, 47, 48, 0, 30, 41, 49, 3, 21, 32, 52, 3, 19, 44, 58, 11, 24, 4, 19, 34, 48, 4, 27, 45, 52, 6, 29, 42, 57, 12, 26, 44, 63]
[(47, 0.37), (46, 0.39), (42, 0.4566666666666667), (23, 0.46499999999999997), (54, 0.472), (61, 0.512), (21, 0.5199999999999999), (16, 0.5209999999999999), (41, 0.53), (6, 0.5414285714285715), (7, 0.55), (52, 0.5575), (43, 0.576), (4, 0.579), (49, 0.5810000000000001), (19, 0.5969999999999999), (48, 0.6149999999999999), (36, 0.62), (8, 0.6219999999999999), (5, 0.6716666666666665), (30, 0.7071428571428571), (9, 0.7150000000000001), (20, 0.73)]
[(52, 0.38666666666666666), (13, 0.395), (9, 0.43), (41, 0.43), (8, 0.44299999999999995), (56, 0.44399999999999995), (48, 0.465), (23, 0.46799999999999997), (40, 0.475), (21, 0.4789999999999999), (4, 0.4875), (6, 0.488), (43, 0.49000000000000005), (44, 0.49399999999999994), (25, 0.5016666666666667)]
"\x5E\x8D\xEA\x39\x22\xF0\x7D\x8A\x98\xB5\xCD\x27\xEF\x28\xCD\xEE"
[33, 56, 10, 29, 33, 63, 10, 16, 44, 53, 11, 30, 41, 62, 4, 16, 37, 51, 5, 27, 41, 51, 14, 20, 47, 58, 11, 22, 36, 50, 11, 18, 40, 49, 2, 18, 46, 49, 14, 22, 45, 49, 8, 21, 32, 59, 12, 19, 32, 60, 7, 28, 46, 63, 15, 24, 32, 63, 14, 25, 32, 51, 8, 17, 43, 50, 5, 27, 39, 57, 12, 30, 43, 51, 7, 21, 43, 61, 8, 25, 47, 52, 1, 17, 43, 62, 0, 17, 44, 60, 8, 20, 47, 57, 15, 23, 35, 57, 3, 31, 46, 62, 6, 21, 43, 62, 5, 27, 36, 56, 11, 29, 39, 51, 0, 18, 34, 60, 7, 25, 34, 62, 2, 23, 40, 57, 0, 31, 41, 57, 6, 21, 35, 50, 8, 29, 45, 61, 1, 16, 44, 59, 5, 26, 1, 29, 47, 57, 6, 31, 34, 49, 2, 27, 44, 54, 13, 31, 41, 57]
[(56, 0.3333333333333333), (29, 0.3566666666666667), (33, 0.3755555555555556), (53, 0.41866666666666663), (11, 0.42833333333333334), (41, 0.44166666666666665), (30, 0.4600000000000001), (4, 0.4862222222222222), (6, 0.48666666666666664), (34, 0.5062222222222222), (35, 0.5077777777777778), (5, 0.5706666666666667), (16, 0.5866666666666667), (45, 0.5916666666666666), (37, 0.5933333333333334), (19, 0.6133333333333333)]
[(37, 0.21), (14, 0.3), (51, 0.32199999999999995), (27, 0.32499999999999996), (41, 0.365), (20, 0.38999999999999996), (22, 0.395), (45, 0.39874999999999994), (47, 0.4175), (4, 0.45), (58, 0.46499999999999997), (50, 0.5075000000000001), (36, 0.5149999999999999), (11, 0.54), (18, 0.5700000000000001), (6, 0.579), (34, 0.5800000000000001), (35, 0.6475), (44, 0.6475)]
"\x9E\x4E\x0B\x04\xAA\x8C\x07\xEF\x52\xE9\x60\x1D\x85\x23\xB8\x7C"
[45, 63, 0, 20, 41, 58, 13, 19, 32, 53, 5, 24, 47, 50, 3, 19, 36, 58, 2, 19, 45, 61, 3, 25, 34, 57, 11, 29, 37, 61, 14, 19, 38, 54, 8, 20, 34, 59, 11, 22, 45, 49, 2, 21, 39, 55, 15, 26, 41, 53, 10, 20, 35, 53, 1, 27, 37, 63, 8, 23, 43, 52, 6, 16, 47, 59, 7, 23, 45, 56, 15, 31, 42, 60, 4, 20, 47, 48, 11, 30, 43, 60, 11, 29, 37, 62, 10, 17, 46, 50, 9, 25, 33, 57, 8, 27, 47, 52, 14, 26, 41, 52, 6, 22, 35, 51, 14, 25, 44, 59, 13, 28, 44, 59, 0, 20, 42, 53, 10, 22, 33, 51, 12, 28, 42, 54, 13, 19, 39, 50, 12, 22, 47, 55, 7, 24, 46, 52, 5, 19, 39, 53, 13, 20, 7, 18, 45, 62, 13, 23, 43, 59, 12, 17, 39, 52, 5, 29, 42, 49]
[(55, 0.06), (59, 0.06), (48, 0.07), (41, 0.17), (20, 0.22), (58, 0.26333333333333336), (24, 0.30599999999999994), (45, 0.32399999999999995), (5, 0.3333333333333333), (32, 0.33999999999999997), (47, 0.3466666666666667), (53, 0.35), (23, 0.35857142857142854), (6, 0.36), (4, 0.36999999999999994), (3, 0.372), (22, 0.375), (13, 0.38), (43, 0.3885714285714285), (57, 0.4), (19, 0.405), (50, 0.4299999999999999), (26, 0.46), (34, 0.49), (2, 0.52), (29, 0.52), (60, 0.524)]
[(36, 0.13), (58, 0.135), (2, 0.16), (37, 0.16333333333333333), (3, 0.21666666666666667), (34, 0.22999999999999998), (57, 0.2333333333333333), (23, 0.23500000000000001), (11, 0.25200000000000006), (19, 0.25666666666666665), (4, 0.267), (45, 0.27999999999999997), (44, 0.2875), (25, 0.29), (22, 0.29500000000000004), (61, 0.2966666666666667), (6, 0.31000000000000005), (29, 0.31000000000000005), (14, 0.33), (8, 0.42700000000000005), (55, 0.57), (7, 0.59)]
"\x70\x49\x25\xF8\xE8\xCC\xA9\x16\xDE\x44\xA0\x5C\x5B\xD9\x9C\x28"
[35, 59, 12, 17, 45, 48, 15, 28, 40, 58, 7, 23, 34, 50, 9, 23, 39, 58, 4, 17, 44, 57, 2, 23, 45, 51, 2, 20, 47, 53, 3, 30, 37, 59, 10, 23, 41, 59, 8, 16, 35, 58, 10, 24, 38, 54, 1, 20, 43, 55, 9, 24, 45, 54, 9, 29, 35, 62, 3, 21, 47, 60, 11, 20, 47, 50, 8, 29, 33, 57, 13, 19, 33, 50, 9, 18, 42, 55, 0, 16, 33, 50, 14, 24, 45, 48, 1, 19, 35, 51, 4, 18, 47, 56, 13, 31, 40, 52, 13, 27, 42, 62, 10, 26, 33, 63, 15, 29, 45, 61, 5, 25, 41, 61, 5, 19, 45, 50, 13, 31, 37, 49, 9, 29, 38, 49, 2, 21, 44, 62, 13, 23, 40, 58, 0, 21, 45, 55, 12, 29, 35, 57, 5, 27, 4, 19, 36, 54, 5, 30, 40, 51, 12, 30, 41, 63, 14, 30, 39, 54]
[(47, 0.27), (18, 0.277), (59, 0.2933333333333334), (35, 0.3), (45, 0.34166666666666673), (28, 0.34199999999999997), (4, 0.3466666666666667), (40, 0.365), (39, 0.378), (48, 0.3833333333333333), (58, 0.384), (6, 0.395), (15, 0.4), (17, 0.40800000000000003), (9, 0.41), (50, 0.4475), (12, 0.45599999999999996), (22, 0.4714285714285714), (60, 0.475), (23, 0.4766666666666667), (54, 0.47800000000000004), (43, 0.48), (34, 0.484), (46, 0.583), (25, 0.59), (36, 0.605), (13, 0.61), (26, 0.63), (33, 0.7150000000000001), (51, 0.76)]
[(58, 0.19), (20, 0.24), (17, 0.25), (44, 0.26), (57, 0.26799999999999996), (4, 0.27999999999999997), (23, 0.296), (45, 0.312), (42, 0.352), (15, 0.36), (39, 0.396), (51, 0.4), (30, 0.45600000000000007), (3, 0.46), (22, 0.46), (47, 0.4640000000000001), (2, 0.5), (14, 0.528), (28, 0.536), (40, 0.54), (53, 0.5799999999999998)]
"\x9F\x16\x6C\x17\x2C\x1B\xBA\x19\xE9\x73\x43\x0C\xDF\x82\x5B\x24"
[45, 54, 2, 17, 33, 51, 3, 18, 43, 63, 3, 23, 42, 55, 8, 18, 32, 55, 13, 30, 36, 57, 13, 26, 37, 62, 3, 16, 47, 52, 3, 19, 37, 58, 2, 28, 37, 50, 8, 22, 33, 59, 5, 16, 45, 63, 12, 19, 39, 54, 4, 28, 42, 59, 9, 21, 33, 52, 12, 28, 40, 57, 7, 19, 37, 51, 11, 16, 38, 58, 7, 18, 42, 50, 10, 17, 40, 60, 13, 21, 40, 55, 12, 25, 42, 63, 2, 25, 47, 51, 6, 25, 34, 48, 3, 25, 42, 60, 15, 20, 40, 54, 10, 26, 41, 60, 5, 19, 47, 48, 14, 27, 32, 53, 15, 27, 34, 61, 5, 20, 37, 53, 12, 24, 39, 59, 14, 20, 43, 51, 13, 25, 45, 59, 4, 27, 37, 49, 11, 23, 39, 53, 15, 25, 0, 29, 37, 50, 5, 18, 45, 62, 4, 19, 34, 55, 3, 31, 43, 57]
[(47, 0.27), (54, 0.2966666666666667), (33, 0.3166666666666667), (51, 0.335), (2, 0.34), (45, 0.34166666666666673), (17, 0.35), (43, 0.37), (3, 0.37333333333333335), (42, 0.378), (23, 0.384), (55, 0.4), (61, 0.42000000000000004), (4, 0.4275), (6, 0.42833333333333323), (8, 0.43), (18, 0.43000000000000005), (58, 0.44), (29, 0.487), (25, 0.534), (14, 0.548), (44, 0.62)]
[(32, 0.37), (55, 0.38), (30, 0.4), (36, 0.4166666666666667), (57, 0.43333333333333335), (13, 0.44), (26, 0.44), (41, 0.45499999999999996), (37, 0.47), (44, 0.48857142857142855), (6, 0.496), (3, 0.5085714285714286), (16, 0.5085714285714286), (4, 0.5125), (47, 0.5166666666666667), (22, 0.5366666666666666), (52, 0.5599999999999999), (23, 0.58), (19, 0.6033333333333333), (45, 0.6666666666666666)]
"\xA3\x05\xBF\xE4\xAF\x09\x18\x22\x7B\xF7\x2A\xD5\xD5\x8E\x80\x05"
[46, 55, 4, 19, 41, 59, 14, 29, 34, 63, 14, 20, 42, 54, 2, 31, 32, 61, 4, 16, 32, 61, 6, 23, 47, 61, 13, 18, 42, 48, 4, 26, 45, 60, 14, 29, 38, 59, 2, 30, 39, 53, 1, 25, 41, 50, 10, 22, 45, 61, 6, 25, 46, 60, 3, 16, 47, 52, 7, 29, 44, 52, 6, 27, 47, 54, 10, 21, 46, 49, 13, 25, 42, 58, 3, 27, 36, 63, 9, 18, 45, 54, 7, 19, 45, 49, 15, 16, 41, 55, 8, 16, 41, 63, 11, 31, 39, 50, 11, 17, 38, 56, 13, 19, 43, 61, 12, 25, 38, 48, 4, 27, 41, 62, 7, 27, 34, 54, 1, 25, 36, 51, 8, 23, 43, 59, 15, 26, 39, 55, 15, 21, 46, 60, 11, 17, 46, 50, 1, 25, 38, 54, 8, 27, 4, 22, 42, 58, 15, 24, 36, 56, 6, 20, 35, 60, 9, 24, 46, 53]
[(47, 0.485), (46, 0.505), (55, 0.51), (19, 0.5433333333333333), (34, 0.6383333333333333), (41, 0.64), (59, 0.65), (6, 0.680625), (43, 0.7074999999999999), (22, 0.7108333333333334), (4, 0.7170833333333332), (42, 0.7190000000000001), (24, 0.7204999999999999), (2, 0.7333333333333334), (54, 0.7362500000000001), (20, 0.7475), (29, 0.7608333333333334), (31, 0.78), (45, 0.8049999999999999), (36, 0.85), (15, 0.94)]
[(16, 0.32), (32, 0.3466666666666667), (47, 0.384), (23, 0.38666666666666666), (45, 0.40499999999999997), (18, 0.40666666666666673), (13, 0.4266666666666667), (22, 0.4266666666666667), (48, 0.4444444444444445), (42, 0.45222222222222225), (4, 0.46533333333333327), (6, 0.47600000000000003), (24, 0.4866666666666667), (44, 0.5316666666666666), (33, 0.548), (26, 0.5633333333333334)]
"\x33\xE9\x4E\xAF\x96\x7F\xF4\x1C\xBD\x99\xC2\x46\x4C\x75\xA0\x3E"
[39, 48, 10, 16, 42, 61, 12, 25, 46, 48, 1, 23, 35, 56, 12, 22, 45, 57, 12, 16, 36, 59, 11, 25, 39, 58, 10, 29, 43, 59, 3, 26, 43, 62, 7, 31, 38, 62, 7, 22, 36, 58, 0, 23, 40, 48, 10, 21, 34, 58, 11, 24, 39, 63, 4, 24, 32, 53, 1, 29, 34, 61, 13, 16, 32, 63, 11, 27, 34, 58, 8, 19, 40, 51, 13, 28, 42, 56, 2, 17, 46, 59, 3, 29, 34, 62, 5, 25, 38, 54, 7, 17, 35, 56, 0, 27, 40, 49, 4, 25, 38, 61, 15, 23, 43, 57, 13, 25, 34, 48, 7, 22, 34, 49, 7, 20, 33, 51, 9, 23, 35, 59, 7, 19, 45, 52, 10, 30, 36, 55, 7, 31, 41, 61, 12, 25, 38, 60, 6, 28, 46, 57, 10, 22, 1, 21, 38, 52, 12, 23, 43, 59, 13, 30, 46, 51, 0, 28, 39, 60]
[(60, 0.22), (20, 0.23), (39, 0.36), (10, 0.38), (16, 0.39), (22, 0.43333333333333335), (43, 0.43333333333333335), (46, 0.435), (48, 0.44000000000000006), (18, 0.4444444444444444), (35, 0.44499999999999995), (42, 0.45999999999999996), (56, 0.4683333333333333), (23, 0.47000000000000003), (6, 0.47625), (45, 0.48), (12, 0.49), (25, 0.49), (4, 0.51), (33, 0.534), (13, 0.545), (44, 0.5599999999999999), (57, 0.59), (27, 0.615)]
[(16, 0.17), (11, 0.23200000000000004), (36, 0.23600000000000004), (33, 0.24), (25, 0.24800000000000005), (18, 0.304), (57, 0.32399999999999995), (60, 0.336), (29, 0.34), (58, 0.368), (10, 0.376), (39, 0.38), (45, 0.39999999999999997), (4, 0.41000000000000003), (3, 0.43200000000000005), (43, 0.44), (59, 0.44), (54, 0.492), (35, 0.5200000000000001), (22, 0.5399999999999999), (44, 0.5466666666666667), (6, 0.592), (21, 0.6759999999999999), (30, 0.8320000000000001)]
