"\xbc\x94\xcb\x2d\x16\xae\x6a\x86\xba\x3e\x99\x9f\xbd\xbf\xff\x59"
[31, 27, 31, 13, 4, 15, 19, 2, 28, 25, 18, 29, 25, 31, 11, 22, 19, 14, 14, 18, 1, 30, 25, 22, 18, 27, 26, 19, 4, 22, 5, 28, 22, 18, 11, 12, 31, 17, 26, 9, 30, 30, 25, 28, 31, 0, 27, 2, 13, 8, 1, 30, 28, 20, 5, 12, 13, 27, 10, 7, 27, 7, 10, 6, 11, 20, 16, 8, 29, 22, 10, 13, 6, 2, 26, 1, 4, 8, 18, 7, 1, 27, 16, 12, 21, 27, 11, 18, 19, 20, 10, 29, 1, 19, 3, 14, 22, 21, 21, 14, 17, 3, 8, 20, 12, 2, 21, 19, 4, 3, 17, 3, 6, 18, 9, 24, 2, 2, 28, 4, 20, 10, 12, 4, 19, 20, 9, 7, 9, 2, 26, 22, 14, 23, 12, 5, 10, 15, 17, 20, 12, 26, 25, 9, 11, 2, 24, 23, 22, 5, 18, 10, 27, 7, 26, 8, 6, 1, 23, 3]
[(27, 0.055), (13, 0.07), (4, 0.08833333333333333), (15, 0.1), (2, 0.12222222222222223), (28, 0.13555555555555554), (26, 0.14), (25, 0.154), (31, 0.19), (29, 0.20142857142857146), (18, 0.21833333333333335), (6, 0.235), (11, 0.24777777777777776), (19, 0.258), (43, 0.26), (32, 0.27555555555555555), (47, 0.2966666666666667), (22, 0.31666666666666665), (46, 0.33), (21, 0.45599999999999996), (45, 0.592)]
[(8, 0.01), (15, 0.17666666666666667), (20, 0.22), (25, 0.24666666666666667), (18, 0.26222222222222225), (14, 0.2755555555555555), (6, 0.27749999999999997), (19, 0.2975), (27, 0.29857142857142854), (23, 0.3), (30, 0.30222222222222217), (21, 0.33999999999999997), (22, 0.34400000000000003), (4, 0.355), (32, 0.38666666666666666), (46, 0.39), (26, 0.4), (5, 0.42625), (44, 0.4600000000000001), (28, 0.52), (31, 0.5299999999999999), (34, 0.5355555555555556), (45, 0.65)]
"\x5c\xc3\x8b\x9d\xa3\xc6\xf8\xcd\x85\x9a\x15\x7c\x43\x7e\x71\xb4"
[3, 22, 14, 16, 18, 27, 2, 20, 27, 1, 26, 20, 6, 21, 25, 10, 17, 8, 4, 10, 27, 3, 13, 12, 9, 26, 19, 21, 24, 9, 14, 28, 30, 9, 31, 12, 15, 3, 0, 25, 4, 15, 0, 6, 13, 0, 7, 4, 23, 0, 28, 7, 30, 2, 21, 17, 20, 6, 3, 17, 15, 10, 29, 27, 4, 12, 0, 3, 13, 0, 3, 27, 3, 0, 4, 12, 7, 17, 24, 18, 24, 22, 31, 31, 3, 19, 6, 21, 14, 11, 26, 5, 17, 5, 11, 17, 25, 0, 3, 27, 31, 10, 21, 12, 19, 2, 21, 26, 27, 8, 16, 15, 9, 31, 23, 16, 19, 24, 3, 10, 21, 9, 26, 16, 10, 15, 13, 14, 25, 20, 9, 10, 21, 11, 24, 30, 26, 8, 8, 10, 13, 29, 18, 13, 14, 3, 13, 6, 9, 10, 30, 5, 19, 25, 14, 21, 5, 31, 3, 1]
[(45, 0.35), (3, 0.38), (16, 0.38), (17, 0.38), (18, 0.39666666666666667), (22, 0.41000000000000003), (8, 0.418), (27, 0.418), (20, 0.4466666666666666), (2, 0.454), (21, 0.4575), (6, 0.4744444444444445), (47, 0.48), (25, 0.497), (10, 0.502), (26, 0.511), (43, 0.5133333333333333), (46, 0.5216666666666666), (56, 0.522)]
[(45, 0.28833333333333333), (4, 0.39999999999999997), (46, 0.415), (3, 0.43200000000000005), (13, 0.43599999999999994), (27, 0.4366666666666667), (10, 0.44), (12, 0.465), (21, 0.508), (26, 0.52), (14, 0.5366666666666666), (25, 0.5475), (9, 0.56), (6, 0.5675000000000001), (44, 0.5685714285714286), (19, 0.5733333333333334), (22, 0.5860000000000001), (29, 0.632), (28, 0.6533333333333333), (17, 0.6566666666666667), (33, 0.6744444444444445)]
"\x77\x48\x69\x35\x12\xd1\x2a\x71\x3f\xc6\xb4\x86\x84\xd5\xe0\xdf"
[6, 20, 26, 29, 4, 16, 16, 1, 12, 20, 6, 3, 30, 4, 3, 21, 29, 13, 29, 29, 20, 4, 12, 25, 20, 28, 14, 26, 27, 8, 15, 27, 5, 21, 11, 17, 27, 4, 10, 3, 30, 9, 28, 20, 0, 27, 27, 27, 19, 4, 20, 13, 7, 0, 23, 8, 2, 11, 10, 3, 7, 20, 23, 13, 8, 11, 23, 22, 11, 9, 1, 10, 25, 5, 4, 18, 27, 22, 26, 27, 23, 20, 2, 7, 3, 27, 24, 4, 8, 16, 2, 22, 6, 18, 12, 29, 13, 26, 23, 14, 15, 8, 18, 31, 29, 22, 13, 6, 5, 9, 13, 7, 11, 12, 14, 3, 5, 22, 7, 27, 31, 17, 11, 29, 26, 13, 20, 14, 11, 7, 24, 18, 28, 29, 20, 4, 30, 19, 31, 4, 21, 30, 6, 1, 28, 16, 29, 23, 11, 2, 5, 2, 3, 13, 20, 2, 9, 25, 27, 13]
[(55, 0.34), (26, 0.385), (5, 0.4), (29, 0.4033333333333333), (14, 0.43562500000000004), (16, 0.4466666666666667), (17, 0.4483333333333334), (36, 0.4584210526315789), (20, 0.4883333333333334), (4, 0.5346428571428572), (12, 0.5387500000000001), (3, 0.5572222222222223), (46, 0.5625), (6, 0.5650000000000001), (43, 0.5766666666666667), (45, 0.5861111111111111), (31, 0.589), (21, 0.5942857142857143), (30, 0.63), (47, 0.655), (7, 0.66)]
[(13, 0.26), (30, 0.26), (29, 0.2775), (23, 0.28700000000000003), (12, 0.316), (7, 0.325), (4, 0.3266666666666667), (25, 0.34833333333333333), (20, 0.373), (14, 0.44), (45, 0.5333333333333333), (6, 0.54), (26, 0.5425), (31, 0.5433333333333333), (8, 0.645), (9, 0.6599999999999999), (46, 0.6966666666666667), (27, 0.712), (15, 0.7366666666666667)]
"\xcb\x3a\xda\x0a\xb8\xc7\xe1\x7b\x5a\x27\xd3\xe7\x6d\x25\x15\xd9"
[17, 22, 22, 29, 17, 12, 14, 6, 0, 10, 16, 2, 3, 10, 26, 25, 23, 6, 7, 23, 5, 7, 7, 16, 1, 20, 4, 0, 8, 29, 20, 27, 18, 8, 10, 1, 11, 24, 0, 30, 21, 28, 11, 19, 25, 23, 15, 9, 14, 12, 17, 18, 19, 0, 22, 22, 31, 4, 19, 27, 9, 6, 12, 31, 23, 15, 16, 19, 20, 24, 4, 22, 2, 18, 4, 15, 12, 2, 10, 3, 28, 1, 15, 30, 16, 5, 12, 27, 22, 21, 27, 30, 10, 11, 16, 20, 13, 18, 14, 2, 20, 4, 12, 21, 5, 9, 8, 9, 0, 6, 0, 22, 20, 9, 12, 15, 26, 15, 1, 20, 6, 30, 10, 16, 3, 22, 1, 2, 11, 18, 2, 6, 16, 20, 23, 25, 20, 13, 30, 3, 1, 20, 28, 28, 28, 20, 2, 4, 14, 1, 24, 25, 29, 31, 31, 5, 20, 25, 26, 26]
[(44, 0.35), (18, 0.35), (22, 0.36999999999999994), (29, 0.405), (17, 0.41), (12, 0.4475), (6, 0.45999999999999996), (3, 0.5), (58, 0.5066666666666667), (14, 0.514), (16, 0.5209999999999999), (31, 0.5599999999999999), (2, 0.5650000000000001), (11, 0.575), (10, 0.5922222222222222), (26, 0.5980000000000001), (46, 0.6000000000000001), (25, 0.6042857142857143), (45, 0.606), (43, 0.63), (47, 0.715)]
[(23, 0.215), (5, 0.22400000000000003), (7, 0.2333333333333333), (16, 0.258), (21, 0.28500000000000003), (46, 0.288), (20, 0.35750000000000004), (6, 0.4114285714285715), (29, 0.4149999999999999), (31, 0.438), (27, 0.4533333333333333), (4, 0.46799999999999997), (51, 0.471), (44, 0.597), (50, 0.65)]
"\x20\x6e\x99\x0d\xe6\xd9\x00\x3b\xd5\xaf\xc3\x98\xb2\xe5\x5f\xe8"
[12, 21, 20, 27, 26, 29, 7, 6, 17, 18, 24, 10, 24, 0, 6, 22, 3, 27, 13, 1, 27, 15, 26, 12, 21, 12, 0, 27, 23, 16, 3, 21, 15, 13, 21, 7, 18, 16, 8, 30, 2, 9, 8, 0, 20, 1, 26, 24, 10, 20, 31, 21, 19, 14, 7, 16, 31, 6, 27, 4, 6, 3, 14, 19, 29, 20, 25, 24, 12, 6, 10, 1, 19, 31, 25, 26, 30, 0, 15, 24, 3, 8, 17, 8, 23, 28, 18, 23, 11, 10, 6, 22, 9, 13, 7, 14, 28, 7, 14, 10, 14, 30, 14, 19, 23, 21, 27, 5, 10, 9, 26, 22, 11, 14, 7, 16, 18, 18, 20, 14, 10, 7, 12, 4, 26, 14, 7, 24, 1, 7, 3, 18, 20, 0, 11, 5, 6, 29, 0, 9, 1, 2, 1, 22, 10, 12, 25, 14, 2, 10, 11, 26, 23, 0, 26, 5, 13, 22, 12, 5]
[(12, 0.19), (9, 0.21200000000000002), (20, 0.21666666666666667), (27, 0.22666666666666666), (26, 0.245), (29, 0.265), (4, 0.3066666666666667), (17, 0.3271428571428571), (8, 0.33), (45, 0.33), (24, 0.3375), (18, 0.345), (7, 0.37666666666666665), (6, 0.41428571428571426), (32, 0.429), (25, 0.45499999999999996), (54, 0.47), (43, 0.4716666666666667), (22, 0.48200000000000004), (58, 0.5589999999999999), (46, 0.5879999999999999), (14, 0.5928571428571429), (47, 0.6566666666666667), (31, 0.6833333333333332)]
[(13, 0.18888888888888888), (28, 0.19166666666666665), (15, 0.2333333333333333), (26, 0.25555555555555554), (22, 0.26666666666666666), (36, 0.2805555555555555), (27, 0.2966666666666667), (23, 0.32916666666666666), (12, 0.33055555555555555), (54, 0.33888888888888885), (51, 0.4305555555555556), (3, 0.45999999999999996), (46, 0.4666666666666667), (45, 0.4888888888888889), (50, 0.5111111111111112), (9, 0.5138888888888888), (6, 0.5388888888888889), (35, 0.5416666666666667), (16, 0.55), (21, 0.575), (31, 0.5750000000000001), (44, 0.5972222222222222), (4, 0.75)]
"\x5b\x5d\x4d\x2e\xc1\x10\x01\xb1\xa0\xd1\xb3\x1e\xff\xda\xcc\xf8"
[3, 12, 26, 25, 30, 18, 21, 2, 31, 21, 2, 27, 17, 6, 6, 6, 23, 13, 21, 27, 30, 23, 15, 21, 19, 13, 2, 31, 19, 23, 21, 6, 6, 2, 18, 21, 19, 25, 3, 10, 18, 20, 15, 2, 21, 9, 22, 9, 11, 30, 8, 0, 5, 26, 26, 4, 23, 17, 24, 12, 4, 31, 10, 19, 5, 4, 0, 12, 17, 25, 11, 8, 28, 1, 20, 0, 5, 26, 4, 3, 8, 26, 13, 18, 12, 15, 22, 0, 27, 30, 11, 25, 27, 31, 2, 9, 27, 28, 29, 4, 13, 19, 19, 6, 11, 4, 12, 13, 2, 5, 0, 23, 17, 22, 4, 22, 30, 0, 12, 18, 17, 28, 31, 12, 16, 7, 18, 12, 6, 18, 29, 4, 9, 24, 30, 5, 23, 0, 21, 12, 10, 26, 10, 27, 28, 18, 3, 11, 10, 13, 5, 8, 28, 12, 17, 15, 10, 7, 30, 20]
[(12, 0.185), (25, 0.20500000000000002), (3, 0.255), (30, 0.26), (18, 0.278), (22, 0.341), (31, 0.342), (27, 0.34750000000000003), (2, 0.367), (14, 0.417), (26, 0.45899999999999996), (43, 0.4616666666666666), (7, 0.4666666666666666), (21, 0.473), (17, 0.48), (6, 0.548), (47, 0.5733333333333334), (44, 0.58), (45, 0.6585714285714285)]
[(27, 0.34750000000000003), (30, 0.366), (20, 0.39), (15, 0.39599999999999996), (24, 0.41), (14, 0.4459999999999999), (13, 0.45714285714285713), (21, 0.48599999999999993), (2, 0.5133333333333333), (45, 0.5175000000000001), (23, 0.5177777777777778), (19, 0.5359999999999999), (31, 0.5514285714285714), (32, 0.555), (51, 0.5619999999999999), (6, 0.56375), (22, 0.5660000000000001), (26, 0.5825), (44, 0.5875), (47, 0.5969999999999999)]
"\x4c\xea\x16\x29\xb6\x07\xd1\xae\x64\x55\xb4\x31\x6d\xd6\xb0\x20"
[1, 14, 26, 2, 16, 2, 26, 2, 7, 20, 9, 24, 3, 16, 28, 3, 0, 17, 15, 21, 30, 14, 3, 27, 0, 18, 18, 9, 16, 24, 10, 0, 29, 11, 4, 27, 13, 24, 18, 5, 7, 0, 25, 6, 14, 21, 30, 28, 10, 31, 11, 0, 5, 27, 24, 23, 14, 21, 1, 3, 1, 20, 12, 29, 21, 5, 17, 11, 14, 28, 28, 28, 30, 4, 12, 1, 3, 10, 29, 18, 7, 1, 9, 31, 13, 1, 30, 6, 7, 9, 29, 23, 29, 30, 23, 11, 10, 0, 7, 25, 7, 31, 27, 4, 2, 29, 7, 15, 26, 10, 20, 5, 7, 31, 23, 12, 24, 3, 29, 16, 11, 14, 2, 25, 25, 22, 16, 20, 30, 0, 4, 10, 29, 1, 30, 6, 5, 1, 22, 14, 22, 23, 19, 8, 10, 6, 18, 23, 5, 30, 21, 0, 28, 0, 26, 25, 6, 25, 17, 20]
[(26, 0.1242857142857143), (2, 0.14142857142857143), (7, 0.202), (24, 0.21250000000000002), (20, 0.24833333333333338), (4, 0.25285714285714284), (16, 0.265), (6, 0.27166666666666667), (9, 0.27666666666666667), (28, 0.31399999999999995), (34, 0.347), (46, 0.374), (27, 0.385), (43, 0.394), (3, 0.41124999999999995), (60, 0.49), (47, 0.53), (45, 0.6457142857142857)]
[(17, 0.26), (15, 0.26666666666666666), (9, 0.27), (14, 0.3), (3, 0.31000000000000005), (46, 0.358), (18, 0.37900000000000006), (30, 0.39299999999999996), (6, 0.39777777777777784), (27, 0.398), (4, 0.4011111111111111), (19, 0.4066666666666667), (45, 0.42333333333333334), (44, 0.45142857142857146), (10, 0.45299999999999996), (16, 0.46166666666666667), (24, 0.46624999999999994), (60, 0.47875), (56, 0.5980000000000001), (21, 0.6129999999999999)]
"\x4c\x17\x8e\x0f\xe8\xdc\x44\xbd\xa7\x75\x77\x24\xf2\x10\xc1\x38"
[1, 21, 2, 1, 27, 6, 20, 6, 31, 12, 26, 26, 16, 15, 14, 1, 10, 11, 11, 17, 19, 28, 10, 9, 7, 25, 23, 15, 25, 8, 1, 15, 1, 31, 16, 2, 17, 11, 24, 19, 0, 14, 23, 5, 3, 8, 5, 2, 16, 25, 24, 0, 31, 14, 27, 5, 5, 31, 25, 21, 22, 14, 12, 13, 12, 11, 11, 18, 0, 0, 0, 24, 15, 23, 19, 11, 22, 19, 14, 0, 2, 10, 10, 4, 16, 25, 8, 29, 12, 4, 26, 18, 29, 21, 23, 17, 1, 14, 4, 7, 2, 22, 28, 7, 23, 25, 13, 25, 6, 27, 18, 19, 23, 13, 5, 4, 24, 28, 29, 12, 9, 27, 11, 19, 27, 15, 17, 1, 21, 17, 22, 13, 15, 28, 18, 6, 19, 16, 20, 15, 29, 5, 24, 17, 8, 15, 5, 8, 21, 6, 18, 23, 24, 14, 24, 0, 11, 21, 22, 18]
[(7, 0.32666666666666666), (30, 0.34), (20, 0.37666666666666665), (27, 0.4), (31, 0.45499999999999996), (6, 0.496), (12, 0.5079999999999999), (26, 0.5475), (16, 0.5599999999999999), (2, 0.5650000000000001), (15, 0.61125), (14, 0.63), (45, 0.65), (43, 0.6679999999999999), (9, 0.68), (44, 0.7390000000000001), (47, 0.7749999999999999)]
[(10, 0.135), (9, 0.1466666666666667), (11, 0.1466666666666667), (12, 0.17), (17, 0.17750000000000002), (18, 0.17750000000000002), (19, 0.22333333333333336), (28, 0.2275), (7, 0.38), (26, 0.4166666666666667), (23, 0.43714285714285717), (6, 0.44375), (16, 0.4633333333333334), (25, 0.4640000000000001), (30, 0.49), (15, 0.5557142857142858), (8, 0.595), (56, 0.617), (2, 0.675), (45, 0.7383333333333333), (50, 0.86)]
"\xc4\x4b\x05\xc5\x29\x8c\xe0\x3b\xaa\x94\xda\x61\xcc\xcb\xec\xe3"
[16, 31, 23, 26, 3, 26, 17, 31, 30, 23, 11, 10, 23, 4, 26, 9, 15, 9, 12, 6, 1, 1, 29, 2, 18, 29, 13, 21, 14, 9, 13, 23, 25, 15, 20, 3, 30, 17, 9, 9, 18, 3, 6, 29, 0, 7, 18, 31, 5, 23, 10, 15, 3, 16, 13, 2, 13, 18, 9, 10, 7, 14, 5, 18, 16, 19, 26, 11, 12, 6, 1, 12, 17, 1, 8, 27, 17, 1, 29, 19, 26, 19, 1, 16, 7, 24, 12, 6, 21, 23, 27, 27, 6, 25, 14, 10, 23, 21, 4, 16, 10, 0, 23, 2, 18, 19, 21, 6, 22, 20, 27, 6, 25, 17, 17, 2, 9, 15, 30, 21, 29, 6, 15, 13, 26, 9, 28, 9, 17, 16, 28, 15, 23, 20, 23, 10, 12, 11, 26, 14, 30, 6, 26, 7, 31, 15, 6, 14, 10, 10, 1, 16, 6, 23, 17, 27, 6, 8, 13, 29]
[(54, 0.16666666666666666), (14, 0.22666666666666666), (3, 0.268), (18, 0.304), (31, 0.3075), (17, 0.31), (24, 0.335), (11, 0.343030303030303), (6, 0.365), (23, 0.37916666666666665), (10, 0.3944444444444444), (58, 0.4), (26, 0.40055555555555555), (4, 0.42833333333333334), (30, 0.4383333333333333), (27, 0.4451851851851852), (43, 0.4946666666666667), (9, 0.5511111111111111), (46, 0.5980952380952381), (47, 0.6366666666666667)]
[(30, 0.125), (12, 0.12666666666666668), (18, 0.24125000000000002), (6, 0.24375000000000002), (2, 0.2611111111111111), (14, 0.26333333333333336), (29, 0.2666666666666667), (21, 0.27), (13, 0.36900000000000005), (9, 0.38625), (38, 0.44555555555555554), (36, 0.47777777777777775), (23, 0.55), (46, 0.65), (44, 0.6799999999999999)]
"\xe0\xb6\xe1\x63\x04\x49\xb7\xeb\x83\x7a\xdd\x20\x1a\xa4\x85\x17"
[20, 7, 23, 4, 6, 7, 28, 11, 27, 26, 23, 16, 13, 27, 16, 1, 6, 1, 1, 6, 12, 30, 31, 15, 10, 2, 27, 3, 29, 13, 11, 17, 18, 0, 14, 20, 14, 3, 19, 0, 29, 11, 0, 19, 28, 5, 26, 5, 21, 9, 20, 1, 21, 11, 13, 0, 21, 9, 13, 19, 31, 10, 21, 5, 31, 3, 10, 17, 13, 11, 15, 14, 8, 28, 21, 19, 23, 25, 14, 23, 30, 28, 2, 20, 5, 2, 14, 17, 15, 0, 23, 13, 27, 25, 5, 21, 26, 23, 19, 19, 3, 15, 29, 3, 4, 20, 13, 0, 1, 30, 18, 20, 12, 28, 13, 16, 31, 7, 2, 19, 4, 2, 2, 1, 23, 1, 1, 24, 11, 30, 29, 21, 8, 21, 10, 27, 24, 3, 21, 10, 13, 11, 23, 13, 16, 12, 29, 4, 1, 0, 15, 14, 0, 5, 8, 28, 1, 9, 25, 30]
[(20, 0.26), (24, 0.27), (4, 0.30500000000000005), (29, 0.34), (7, 0.34333333333333343), (44, 0.35), (21, 0.35300000000000004), (11, 0.382), (14, 0.38249999999999995), (26, 0.41125), (6, 0.4142857142857143), (23, 0.4228571428571429), (27, 0.4870000000000001), (43, 0.49666666666666676), (28, 0.5025), (17, 0.51), (16, 0.5244444444444444), (46, 0.54), (50, 0.58), (47, 0.5900000000000001), (2, 0.63), (3, 0.75)]
[(4, 0.21666666666666667), (28, 0.21666666666666667), (30, 0.26666666666666666), (12, 0.2958333333333333), (15, 0.3166666666666667), (6, 0.3333333333333333), (31, 0.3444444444444445), (10, 0.35555555555555557), (2, 0.35833333333333334), (48, 0.3666666666666667), (16, 0.38333333333333336), (27, 0.3972222222222222), (3, 0.4083333333333333), (44, 0.5133333333333333), (50, 0.5444444444444444), (29, 0.561111111111111), (46, 0.6), (13, 0.6083333333333334), (18, 0.6138888888888888), (17, 0.6166666666666667), (36, 0.6305555555555554), (11, 0.65)]
"\x0e\x52\xbb\x4f\xa4\x39\xf2\x3a\x38\x70\xe7\x7f\x46\x81\xc5\x69"
[9, 9, 16, 11, 18, 6, 20, 14, 12, 30, 28, 10, 6, 7, 24, 10, 21, 4, 14, 31, 18, 13, 6, 9, 6, 2, 11, 28, 23, 16, 14, 16, 1, 6, 13, 13, 4, 0, 17, 27, 31, 13, 20, 9, 28, 20, 31, 13, 14, 8, 13, 9, 13, 3, 11, 25, 29, 28, 10, 27, 13, 13, 17, 27, 30, 27, 21, 23, 25, 11, 1, 21, 2, 8, 22, 30, 8, 17, 12, 28, 18, 31, 24, 7, 8, 5, 27, 4, 24, 21, 31, 19, 20, 4, 15, 6, 25, 0, 0, 15, 30, 20, 20, 28, 2, 21, 25, 19, 10, 1, 9, 13, 13, 30, 17, 17, 23, 17, 8, 12, 26, 9, 5, 26, 11, 25, 0, 3, 18, 16, 9, 11, 24, 13, 1, 31, 1, 2, 6, 14, 14, 17, 1, 17, 31, 10, 13, 26, 25, 22, 14, 17, 29, 31, 5, 24, 28, 31, 12, 13]
[(16, 0.17083333333333334), (18, 0.22291666666666665), (20, 0.2520833333333333), (11, 0.3222222222222222), (12, 0.3319444444444445), (30, 0.35000000000000003), (28, 0.3892857142857143), (46, 0.41111111111111115), (24, 0.41250000000000003), (6, 0.41363636363636364), (7, 0.428125), (14, 0.44166666666666665), (47, 0.4527777777777777), (43, 0.5388888888888889), (32, 0.5444444444444444), (27, 0.5452380952380952), (2, 0.5631944444444444)]
[(21, 0.16), (4, 0.185), (7, 0.185), (31, 0.21666666666666667), (9, 0.23), (18, 0.248), (13, 0.252), (14, 0.33), (2, 0.39285714285714285), (3, 0.406), (11, 0.42333333333333334), (50, 0.441), (17, 0.445), (6, 0.45099999999999996), (46, 0.46), (27, 0.488), (36, 0.503), (58, 0.561), (23, 0.562), (28, 0.5740000000000001), (16, 0.598), (44, 0.8), (45, 0.95)]
"\x94\x5e\xb4\x1a\x23\x08\x39\xd8\x31\x52\x61\xeb\xec\x1c\x49\x1a"
[26, 15, 0, 5, 2, 2, 5, 4, 13, 13, 29, 22, 19, 6, 1, 24, 14, 6, 10, 0, 25, 7, 18, 16, 20, 12, 14, 24, 14, 11, 22, 11, 2, 19, 11, 2, 14, 12, 14, 30, 30, 13, 26, 30, 26, 18, 30, 28, 14, 14, 30, 28, 25, 23, 30, 24, 30, 7, 24, 16, 24, 20, 7, 4, 7, 0, 11, 19, 11, 29, 12, 7, 6, 10, 26, 14, 30, 7, 11, 24, 4, 3, 13, 5, 25, 28, 8, 11, 9, 3, 7, 15, 26, 29, 6, 13, 30, 7, 0, 1, 21, 19, 31, 29, 3, 19, 2, 2, 13, 30, 31, 24, 6, 8, 19, 20, 23, 26, 31, 6, 18, 13, 7, 10, 10, 2, 3, 31, 8, 29, 9, 27, 19, 7, 5, 3, 12, 28, 3, 24, 10, 18, 19, 19, 31, 2, 2, 13, 24, 0, 17, 23, 1, 9, 19, 11, 22, 26, 19, 27]
[(8, 0.365), (15, 0.39), (26, 0.39), (41, 0.42), (3, 0.44999999999999996), (14, 0.505), (4, 0.5162500000000001), (43, 0.5433333333333333), (5, 0.548), (50, 0.55), (13, 0.5660000000000001), (22, 0.585), (29, 0.599), (2, 0.6040000000000001), (46, 0.62), (27, 0.655), (19, 0.6742857142857143), (6, 0.6755555555555556), (7, 0.6922222222222223), (47, 0.7), (45, 0.71), (24, 0.7889999999999999), (25, 0.85)]
[(10, 0.23666666666666666), (18, 0.2525), (7, 0.306), (6, 0.32), (25, 0.32), (20, 0.4025), (16, 0.417), (13, 0.42875), (4, 0.43), (15, 0.43), (54, 0.471), (14, 0.47400000000000003), (12, 0.48100000000000004), (24, 0.504), (46, 0.522), (45, 0.525), (48, 0.531), (27, 0.5720000000000001), (22, 0.62), (11, 0.7200000000000001), (3, 0.75), (44, 0.75)]
"\x25\x30\x35\x51\xbe\xb1\x80\xeb\x1e\x0a\x6f\xb6\xaa\x3b\xdf\xf8"
[12, 24, 1, 25, 17, 9, 23, 13, 8, 9, 13, 16, 27, 11, 22, 19, 13, 16, 25, 29, 8, 13, 15, 15, 0, 16, 2, 8, 16, 6, 2, 31, 31, 4, 11, 28, 26, 5, 27, 20, 3, 15, 18, 20, 0, 6, 8, 19, 25, 6, 18, 14, 24, 29, 30, 19, 24, 31, 1, 30, 28, 0, 3, 17, 21, 21, 25, 30, 5, 28, 7, 6, 28, 17, 14, 24, 27, 24, 29, 14, 18, 31, 22, 0, 5, 13, 15, 7, 21, 15, 12, 9, 19, 31, 30, 13, 29, 5, 20, 7, 24, 26, 14, 14, 5, 9, 29, 18, 17, 2, 24, 31, 15, 3, 18, 17, 17, 14, 14, 28, 28, 14, 27, 22, 10, 8, 5, 17, 9, 8, 2, 4, 25, 28, 26, 5, 19, 17, 30, 31, 24, 1, 21, 10, 10, 7, 11, 4, 17, 19, 19, 2, 26, 0, 24, 9, 15, 14, 30, 17]
[(12, 0.03), (24, 0.05), (25, 0.06333333333333334), (17, 0.09), (13, 0.21000000000000002), (6, 0.22499999999999998), (40, 0.22599999999999998), (8, 0.24), (14, 0.24), (16, 0.2425), (43, 0.24333333333333332), (9, 0.25), (23, 0.25111111111111106), (34, 0.275), (27, 0.27599999999999997), (19, 0.2914285714285714), (46, 0.3), (22, 0.3016666666666667), (11, 0.304), (47, 0.3833333333333333), (45, 0.6966666666666667)]
[(14, 0.404), (45, 0.5666666666666665), (25, 0.5866666666666666), (8, 0.59), (13, 0.6), (29, 0.6033333333333334), (15, 0.68), (17, 0.7033333333333333), (16, 0.70625), (6, 0.7500000000000001), (2, 0.7510000000000001), (34, 0.7599999999999999), (3, 0.765), (55, 0.766), (44, 0.7985714285714286), (31, 0.804), (46, 0.8200000000000001)]
"\xfb\xae\xef\xff\xff\x5e\x5d\x71\xad\xc8\xd9\x23\x31\xbf\xb1\x6e"
[23, 5, 23, 11, 25, 17, 26, 24, 30, 25, 22, 3, 8, 24, 13, 1, 14, 15, 16, 20, 0, 16, 10, 5, 4, 18, 10, 5, 23, 12, 30, 9, 24, 25, 8, 16, 30, 28, 25, 3, 7, 12, 29, 4, 24, 12, 3, 6, 20, 10, 16, 5, 27, 28, 1, 16, 15, 4, 6, 14, 1, 12, 3, 19, 6, 13, 20, 10, 3, 21, 4, 18, 12, 12, 13, 6, 4, 22, 17, 14, 20, 13, 19, 18, 16, 13, 0, 24, 0, 24, 1, 3, 6, 1, 15, 12, 17, 5, 19, 7, 2, 4, 30, 27, 16, 29, 1, 3, 15, 19, 16, 12, 18, 30, 20, 13, 0, 12, 14, 26, 2, 23, 24, 19, 20, 27, 16, 2, 30, 10, 8, 3, 3, 23, 21, 20, 21, 10, 28, 13, 26, 18, 20, 31, 24, 16, 18, 3, 23, 19, 27, 9, 7, 13, 30, 26, 5, 13, 25, 30]
[(5, 0.29000000000000004), (11, 0.3066666666666667), (17, 0.336), (26, 0.35833333333333334), (35, 0.379), (30, 0.39499999999999996), (23, 0.4055555555555556), (24, 0.41666666666666663), (22, 0.4342857142857143), (3, 0.43499999999999994), (6, 0.43624999999999997), (43, 0.45999999999999996), (46, 0.475), (34, 0.47800000000000004), (25, 0.48285714285714276), (27, 0.49124999999999996), (10, 0.5109999999999999), (13, 0.52), (36, 0.528), (2, 0.5371428571428571), (8, 0.54), (41, 0.555), (47, 0.572), (32, 0.6450000000000001), (14, 0.6575)]
[(15, 0.02), (17, 0.03), (20, 0.03), (16, 0.06999999999999999), (4, 0.09222222222222223), (18, 0.11124999999999999), (10, 0.11199999999999999), (5, 0.128), (11, 0.14833333333333332), (6, 0.14875), (23, 0.15888888888888889), (27, 0.16099999999999998), (8, 0.165), (44, 0.16999999999999998), (30, 0.197), (9, 0.2085714285714286), (12, 0.256), (19, 0.324), (46, 0.33), (36, 0.37899999999999995), (45, 0.5499999999999999), (58, 0.571)]
"\xcd\xd0\x84\xd3\x3c\x71\x6b\x8c\x57\x5c\x30\x97\xbc\xdf\x7f\x98"
[17, 0, 10, 21, 1, 3, 3, 29, 1, 21, 27, 28, 25, 23, 11, 23, 15, 17, 22, 7, 15, 16, 7, 7, 16, 7, 23, 16, 14, 4, 12, 30, 23, 5, 28, 29, 10, 18, 23, 20, 15, 15, 17, 1, 21, 16, 4, 6, 4, 23, 26, 3, 25, 9, 17, 14, 3, 13, 18, 16, 12, 27, 14, 31, 29, 15, 1, 14, 20, 31, 21, 5, 23, 13, 12, 7, 23, 5, 25, 24, 17, 1, 12, 16, 11, 9, 13, 25, 26, 22, 31, 29, 25, 4, 1, 15, 20, 8, 23, 0, 25, 30, 10, 9, 26, 30, 21, 13, 24, 9, 16, 15, 7, 23, 22, 11, 28, 22, 27, 0, 26, 6, 7, 11, 21, 30, 25, 31, 9, 6, 5, 1, 7, 7, 20, 11, 7, 29, 4, 30, 29, 18, 12, 21, 12, 6, 9, 27, 21, 4, 9, 7, 4, 13, 17, 4, 3, 30, 1, 5]
[(44, 0.31), (10, 0.3325), (4, 0.33999999999999997), (3, 0.372), (21, 0.372), (53, 0.3825), (57, 0.39), (29, 0.4116666666666666), (27, 0.4183333333333333), (28, 0.42111111111111105), (25, 0.433125), (11, 0.437), (43, 0.45187499999999997), (6, 0.4600000000000001), (24, 0.4633333333333334), (23, 0.46625), (12, 0.4872222222222222), (46, 0.4914285714285714), (2, 0.49894736842105264), (17, 0.5157499999999999), (47, 0.522), (14, 0.6228571428571429), (8, 0.635)]
[(22, 0.25333333333333335), (15, 0.2712), (17, 0.28285714285714286), (7, 0.3), (23, 0.3234285714285714), (16, 0.3297777777777778), (6, 0.3405333333333333), (2, 0.34768), (12, 0.34847058823529414), (4, 0.3488), (14, 0.35107692307692306), (46, 0.3586666666666667), (44, 0.372), (30, 0.372), (8, 0.472), (47, 0.5622400000000001), (9, 0.6739999999999999)]
"\x51\xe3\x93\xa3\x5f\xc9\xad\xea\xa0\x4e\x45\xd2\xae\x71\x50\xb7"
[2, 23, 4, 16, 13, 1, 6, 19, 31, 0, 25, 16, 27, 17, 19, 31, 10, 31, 8, 15, 16, 4, 1, 11, 0, 4, 27, 31, 16, 10, 26, 9, 16, 15, 15, 15, 10, 17, 17, 18, 19, 19, 18, 14, 5, 20, 24, 3, 27, 19, 26, 12, 9, 30, 22, 5, 4, 19, 7, 23, 22, 2, 22, 12, 14, 13, 28, 7, 25, 0, 16, 4, 17, 29, 3, 17, 0, 4, 17, 23, 30, 27, 10, 13, 2, 28, 5, 12, 19, 14, 27, 0, 6, 3, 14, 5, 27, 5, 30, 1, 20, 25, 13, 16, 20, 15, 26, 28, 13, 18, 0, 20, 19, 4, 27, 7, 10, 4, 14, 11, 23, 26, 9, 28, 7, 4, 3, 14, 22, 7, 13, 30, 12, 3, 6, 10, 22, 22, 19, 1, 25, 8, 19, 0, 25, 31, 5, 30, 26, 24, 16, 25, 0, 9, 10, 0, 9, 10, 3, 2]
[(4, 0.32083333333333336), (2, 0.35), (23, 0.35), (20, 0.4125), (13, 0.4583333333333333), (6, 0.49375), (31, 0.5437500000000001), (16, 0.5800000000000001), (27, 0.5859375000000001), (45, 0.6979166666666666), (19, 0.7071428571428571), (17, 0.7395833333333334), (43, 0.75), (47, 0.80625), (55, 0.8187500000000001)]
[(5, 0.04), (8, 0.07), (15, 0.0825), (17, 0.1), (11, 0.10600000000000001), (27, 0.16714285714285718), (4, 0.18333333333333335), (16, 0.18875000000000003), (31, 0.22444444444444445), (6, 0.2625), (10, 0.26888888888888896), (9, 0.2733333333333333), (46, 0.3177777777777778), (26, 0.41333333333333333), (45, 0.45714285714285713), (55, 0.4625), (44, 0.5788888888888889), (58, 0.6811111111111112)]
"\xb6\x0e\x9e\xee\x38\x7e\xc9\xe1\x5e\xc2\x01\xe0\x4f\xc6\xa0\x36"
[30, 1, 12, 0, 1, 16, 24, 26, 0, 22, 24, 17, 7, 12, 31, 25, 28, 25, 5, 29, 22, 23, 17, 27, 7, 9, 12, 17, 16, 30, 0, 29, 18, 21, 22, 19, 30, 25, 27, 29, 10, 28, 14, 13, 8, 17, 22, 17, 26, 31, 1, 27, 0, 26, 6, 3, 4, 15, 28, 15, 27, 30, 29, 29, 26, 1, 30, 31, 12, 13, 27, 22, 4, 16, 12, 30, 31, 12, 15, 7, 12, 22, 9, 18, 8, 24, 27, 22, 1, 21, 21, 4, 31, 19, 17, 21, 13, 6, 0, 19, 4, 18, 23, 24, 20, 3, 16, 13, 6, 28, 22, 20, 21, 2, 22, 14, 0, 6, 2, 0, 22, 6, 0, 8, 15, 18, 27, 8, 4, 11, 13, 23, 23, 11, 22, 23, 17, 3, 25, 31, 11, 25, 16, 11, 6, 18, 10, 7, 8, 17, 23, 3, 25, 27, 8, 18, 15, 14, 15, 26]
[(30, 0.15714285714285714), (2, 0.17857142857142858), (24, 0.27142857142857146), (16, 0.2857142857142857), (12, 0.3035714285714286), (26, 0.30714285714285716), (17, 0.32857142857142857), (22, 0.3979591836734694), (45, 0.4057142857142857), (41, 0.4061224489795919), (54, 0.4081632653061224), (50, 0.43265306122448977), (36, 0.48163265306122455), (25, 0.4857142857142857), (6, 0.4976190476190476), (7, 0.5142857142857143), (43, 0.5163265306122449), (31, 0.5342857142857143), (46, 0.5342857142857144), (13, 0.5714285714285714), (58, 0.5877551020408163), (47, 0.5964285714285714), (28, 0.9714285714285714)]
[(25, 0.15833333333333333), (26, 0.15833333333333333), (6, 0.18333333333333335), (22, 0.2033333333333333), (23, 0.21666666666666667), (18, 0.23055555555555554), (17, 0.2611111111111111), (27, 0.26249999999999996), (28, 0.3), (54, 0.325), (5, 0.33055555555555555), (7, 0.3333333333333333), (9, 0.33333333333333337), (16, 0.37333333333333335), (12, 0.37777777777777777), (45, 0.3833333333333333), (40, 0.39166666666666666), (8, 0.5033333333333333), (29, 0.5111111111111111), (34, 0.5499999999999999), (44, 0.55), (31, 0.5833333333333334), (50, 0.5833333333333334), (46, 0.611111111111111)]
"\xb4\x64\x83\x4c\xee\x0c\xbf\x37\xf0\x31\xeb\xec\x7f\x14\x4c\x80"
[30, 15, 17, 22, 27, 14, 5, 14, 21, 12, 27, 11, 1, 1, 17, 24, 9, 31, 0, 1, 30, 13, 7, 30, 11, 17, 30, 26, 27, 16, 21, 4, 15, 7, 12, 13, 29, 20, 0, 16, 4, 6, 16, 27, 6, 3, 19, 26, 19, 30, 19, 31, 27, 9, 25, 24, 17, 9, 30, 6, 10, 5, 9, 7, 7, 11, 20, 15, 14, 22, 14, 5, 1, 13, 24, 30, 6, 24, 15, 29, 14, 24, 2, 30, 9, 0, 4, 17, 3, 8, 9, 13, 29, 30, 25, 15, 8, 24, 5, 15, 5, 0, 17, 9, 8, 6, 23, 4, 22, 8, 10, 9, 0, 22, 31, 24, 28, 30, 15, 20, 0, 3, 26, 22, 20, 31, 7, 18, 12, 30, 5, 19, 17, 9, 31, 2, 17, 31, 8, 7, 8, 8, 21, 1, 3, 5, 5, 26, 8, 15, 19, 15, 28, 0, 17, 21, 25, 10, 22, 31]
[(30, 0.12), (28, 0.16499999999999998), (15, 0.184), (22, 0.2), (5, 0.21166666666666667), (6, 0.21166666666666667), (21, 0.26), (2, 0.27), (27, 0.2814285714285715), (11, 0.302), (12, 0.321), (52, 0.358), (43, 0.384), (17, 0.39300000000000007), (24, 0.43200000000000005), (46, 0.4619999999999999), (45, 0.47400000000000003), (47, 0.5349999999999999), (48, 0.575), (51, 0.96), (4, 0.98)]
[(8, 0.31142857142857144), (15, 0.372), (45, 0.4383333333333333), (14, 0.5329999999999999), (31, 0.61), (40, 0.613), (13, 0.6383333333333333), (7, 0.6549999999999999), (11, 0.6839999999999999), (30, 0.693), (9, 0.6950000000000001), (52, 0.697), (17, 0.6974999999999999), (26, 0.712), (44, 0.7599999999999999), (6, 0.76), (27, 0.76), (46, 0.7862499999999999), (16, 0.7985714285714286), (5, 0.8139999999999998), (4, 0.8309999999999998), (21, 0.8333333333333334)]
"\x14\x55\x1f\xa9\x7f\xc0\xc1\xfa\x28\x1a\x24\xd4\x46\x69\xb0\x60"
[10, 22, 8, 10, 9, 11, 26, 18, 14, 3, 8, 18, 6, 7, 30, 31, 30, 5, 1, 10, 25, 12, 0, 12, 1, 19, 16, 4, 29, 6, 22, 27, 15, 27, 0, 10, 15, 4, 0, 1, 16, 14, 5, 7, 1, 14, 29, 25, 9, 7, 15, 23, 29, 15, 31, 17, 5, 0, 22, 4, 25, 3, 7, 16, 27, 8, 27, 2, 18, 16, 5, 18, 14, 29, 27, 29, 14, 6, 0, 30, 10, 20, 9, 20, 13, 19, 1, 17, 15, 23, 14, 12, 27, 9, 21, 21, 13, 31, 8, 18, 5, 8, 26, 7, 8, 16, 14, 1, 4, 3, 25, 0, 16, 14, 4, 27, 16, 30, 6, 26, 25, 11, 0, 12, 23, 3, 19, 3, 2, 11, 14, 23, 19, 28, 27, 9, 16, 10, 0, 11, 23, 2, 5, 3, 23, 7, 13, 16, 0, 9, 22, 29, 28, 9, 24, 29, 30, 18, 0, 5]
[(10, 0.3233333333333333), (26, 0.36), (11, 0.37249999999999994), (3, 0.41), (19, 0.41333333333333333), (4, 0.414), (8, 0.414), (14, 0.4225), (22, 0.43), (37, 0.49399999999999994), (6, 0.4959999999999999), (30, 0.5142857142857143), (18, 0.5239999999999999), (7, 0.533), (57, 0.533), (9, 0.549), (43, 0.5675), (31, 0.57), (54, 0.577), (45, 0.585), (35, 0.6042857142857142), (47, 0.69), (39, 0.85), (16, 0.86), (50, 0.86), (40, 0.88), (42, 0.88)]
[(30, 0.36), (10, 0.38999999999999996), (25, 0.43), (12, 0.44999999999999996), (3, 0.457), (1, 0.46399999999999997), (5, 0.49749999999999994), (19, 0.5014285714285714), (16, 0.5166666666666667), (17, 0.53), (4, 0.568), (57, 0.571), (29, 0.5710000000000001), (35, 0.592), (6, 0.5920000000000001), (27, 0.612), (22, 0.65), (44, 0.6857142857142858), (45, 0.77), (47, 0.77), (59, 0.77)]
"\xd5\xef\xc9\x79\x23\xd5\x86\x68\xb8\xe5\x08\x5d\x61\xb8\x68\xce"
[18, 20, 13, 31, 2, 20, 1, 8, 28, 25, 18, 0, 2, 16, 22, 14, 27, 27, 7, 21, 6, 31, 13, 8, 7, 9, 21, 21, 19, 19, 0, 31, 12, 22, 3, 13, 14, 18, 22, 31, 14, 18, 31, 28, 11, 27, 29, 27, 24, 24, 30, 26, 14, 26, 13, 10, 20, 26, 25, 28, 13, 7, 18, 2, 13, 17, 20, 31, 30, 18, 1, 12, 30, 6, 12, 11, 19, 24, 26, 3, 15, 7, 26, 7, 3, 5, 8, 16, 11, 6, 20, 13, 27, 27, 20, 0, 22, 5, 4, 15, 22, 24, 8, 19, 12, 4, 21, 14, 7, 17, 18, 21, 14, 28, 31, 8, 7, 6, 12, 1, 19, 1, 5, 4, 3, 14, 18, 20, 24, 22, 1, 14, 11, 13, 16, 10, 15, 26, 19, 10, 25, 17, 22, 23, 24, 16, 14, 13, 4, 1, 5, 16, 16, 0, 22, 22, 26, 13, 17, 23]
[(9, 0.425), (13, 0.445), (31, 0.45), (28, 0.47525000000000006), (20, 0.47833333333333333), (21, 0.48900000000000005), (8, 0.50875), (18, 0.5237499999999999), (25, 0.5359999999999999), (2, 0.5366666666666666), (6, 0.545), (14, 0.5477272727272727), (16, 0.5478571428571428), (22, 0.5614285714285714), (45, 0.585), (43, 0.58625), (47, 0.6025)]
[(27, 0.06666666666666667), (9, 0.11), (13, 0.155), (7, 0.17), (8, 0.18), (6, 0.21799999999999997), (21, 0.22800000000000004), (19, 0.3488888888888889), (45, 0.365), (51, 0.42600000000000005), (44, 0.4375), (22, 0.49333333333333335), (31, 0.53), (4, 0.538), (5, 0.561)]
"\xF8\xA5\x32\x0D\x28\x87\xE4\xC9\x32\xE6\x2A\xDD\x23\x34\xA7\x55"
[23, 30, 9, 12, 3, 20, 24, 6, 13, 8, 13, 20, 10, 25, 26, 30, 15, 28, 21, 3, 1, 5, 5, 16, 11, 22, 28, 6, 7, 29, 30, 10, 1, 14, 7, 30, 18, 21, 9, 31, 2, 24, 28, 26, 25, 9, 13, 25, 7, 30, 31, 26, 23, 8, 27, 24, 20, 23, 29, 30, 18, 20, 21, 14, 17, 15, 30, 11, 5, 20, 14, 16, 27, 10, 26, 4, 9, 16, 15, 24, 0, 12, 16, 30, 19, 20, 14, 1, 30, 3, 15, 16, 16, 11, 19, 14, 4, 30, 8, 7, 4, 0, 15, 30, 18, 30, 10, 8, 8, 22, 20, 1, 26, 7, 16, 20, 23, 24, 26, 1, 6, 1, 13, 21, 0, 9, 29, 12, 26, 24, 27, 24, 16, 11, 27, 30, 13, 14, 23, 12, 16, 22, 7, 1, 26, 28, 16, 3, 2, 24, 9, 29, 3, 6, 31, 11, 23, 0, 8, 16]
[(23, 0.24), (34, 0.24), (9, 0.26), (3, 0.28750000000000003), (24, 0.3125), (20, 0.348), (10, 0.355), (13, 0.35750000000000004), (30, 0.38999999999999996), (43, 0.39333333333333337), (6, 0.3955555555555556), (12, 0.4), (25, 0.41400000000000003), (46, 0.42000000000000004), (45, 0.45), (26, 0.453), (47, 0.518), (53, 0.542), (35, 0.575), (44, 0.604), (18, 0.692), (2, 0.96), (11, 0.97)]
[(2, 0.4177777777777778), (15, 0.46), (3, 0.515), (22, 0.5355555555555556), (27, 0.541), (5, 0.56), (16, 0.5660000000000001), (60, 0.5711111111111111), (46, 0.6266666666666666), (28, 0.63), (6, 0.636), (11, 0.64), (35, 0.645), (7, 0.7260000000000001), (30, 0.7683333333333334), (29, 0.772), (10, 0.8033333333333333), (44, 0.8085714285714286)]
"\x61\x52\x95\xDB\xC6\x70\x4A\x65\x8C\xD7\x77\xA1\x37\x41\xA0\x8B"
[4, 0, 2, 23, 30, 18, 24, 28, 26, 6, 25, 1, 8, 7, 15, 17, 21, 18, 13, 9, 12, 27, 25, 4, 30, 25, 31, 9, 8, 11, 4, 29, 21, 30, 2, 21, 13, 27, 20, 14, 0, 0, 26, 8, 26, 8, 24, 28, 6, 13, 12, 7, 9, 22, 11, 8, 29, 31, 19, 10, 20, 3, 31, 11, 14, 15, 11, 24, 23, 26, 18, 30, 12, 24, 9, 27, 0, 4, 5, 11, 2, 31, 14, 28, 27, 10, 18, 2, 2, 25, 5, 2, 17, 6, 16, 7, 20, 23, 14, 19, 10, 5, 22, 1, 1, 31, 18, 1, 6, 12, 4, 14, 11, 20, 29, 21, 14, 13, 12, 23, 25, 14, 4, 17, 31, 28, 30, 0, 26, 1, 14, 31, 24, 15, 10, 19, 26, 26, 23, 12, 5, 8, 31, 27, 20, 23, 4, 17, 12, 28, 31, 11, 30, 14, 10, 24, 12, 31, 20, 28]
[(4, 0.3), (2, 0.33), (23, 0.33), (30, 0.37666666666666665), (18, 0.39999999999999997), (24, 0.40249999999999997), (26, 0.42000000000000004), (25, 0.45), (28, 0.45999999999999996), (8, 0.5099999999999999), (6, 0.5199999999999999), (7, 0.523), (61, 0.5250000000000001), (15, 0.539), (43, 0.5814285714285715), (46, 0.5930000000000001), (17, 0.6079999999999999), (35, 0.6177777777777779), (47, 0.6679999999999999), (10, 0.67)]
[(60, 0.43000000000000005), (61, 0.437), (21, 0.46), (18, 0.47), (13, 0.4766666666666666), (12, 0.49333333333333335), (27, 0.5075), (46, 0.5519999999999999), (30, 0.5925), (25, 0.5966666666666667), (9, 0.6), (31, 0.6033333333333334), (6, 0.6416666666666667), (8, 0.6719999999999999), (10, 0.6799999999999999), (4, 0.6930000000000001), (11, 0.6957142857142857), (35, 0.7033333333333333), (29, 0.7170000000000001), (44, 0.736)]
"\x39\xED\x89\x9F\x3B\x2E\x44\x8F\x70\x0E\x4D\x53\x57\x70\xF4\xDD"
[15, 11, 5, 29, 1, 9, 18, 20, 5, 0, 26, 28, 4, 16, 14, 15, 15, 26, 23, 0, 19, 16, 12, 23, 30, 25, 3, 25, 19, 29, 1, 22, 25, 6, 14, 12, 15, 23, 23, 28, 2, 28, 31, 27, 3, 5, 28, 15, 17, 21, 16, 15, 22, 2, 31, 2, 19, 28, 8, 24, 19, 0, 18, 30, 19, 3, 21, 13, 13, 3, 31, 11, 30, 28, 24, 19, 26, 23, 3, 13, 13, 30, 30, 23, 19, 6, 29, 25, 18, 23, 16, 10, 9, 11, 17, 15, 18, 9, 29, 31, 4, 28, 20, 8, 26, 28, 16, 5, 11, 17, 17, 31, 15, 21, 7, 26, 25, 12, 20, 17, 12, 30, 17, 0, 22, 7, 0, 12, 2, 21, 5, 16, 11, 23, 0, 13, 30, 11, 7, 25, 31, 31, 8, 9, 22, 22, 7, 8, 18, 30, 11, 1, 30, 16, 25, 7, 28, 1, 17, 12]
[(8, 0.43500000000000005), (11, 0.56), (29, 0.56), (19, 0.5766666666666667), (26, 0.5800000000000001), (18, 0.5833333333333334), (9, 0.585), (20, 0.5900000000000001), (5, 0.5980000000000001), (28, 0.6185714285714285), (22, 0.63), (4, 0.6544444444444445), (27, 0.66), (15, 0.6814285714285715), (47, 0.694), (14, 0.6983333333333333), (16, 0.7009999999999998), (43, 0.738), (45, 0.835)]
[(26, 0.15000000000000002), (24, 0.16), (16, 0.186), (12, 0.21000000000000002), (23, 0.22), (3, 0.23666666666666666), (30, 0.27), (19, 0.2857142857142857), (29, 0.32), (22, 0.32600000000000007), (27, 0.33999999999999997), (2, 0.3628571428571429), (45, 0.375), (44, 0.3871428571428571), (37, 0.4630000000000001), (6, 0.49), (5, 0.531), (14, 0.6490000000000001), (15, 0.668)]
"\x4E\xC7\x00\x7E\x4F\xA8\xE5\x30\x3A\x86\xC1\xD7\xC4\x8E\x8C\x70"
[1, 27, 20, 8, 15, 24, 29, 8, 12, 31, 11, 11, 22, 21, 26, 31, 29, 3, 27, 12, 13, 23, 3, 21, 28, 31, 2, 15, 4, 10, 23, 24, 6, 11, 22, 19, 23, 6, 27, 0, 5, 28, 19, 25, 6, 14, 17, 4, 8, 10, 3, 31, 12, 29, 26, 2, 16, 29, 22, 14, 29, 11, 15, 26, 9, 24, 25, 2, 14, 26, 3, 14, 15, 21, 19, 17, 27, 20, 27, 15, 17, 21, 11, 27, 24, 22, 16, 23, 20, 12, 13, 7, 14, 4, 17, 21, 21, 26, 9, 23, 15, 26, 16, 0, 11, 27, 22, 4, 2, 18, 10, 24, 4, 2, 20, 10, 30, 4, 15, 19, 18, 9, 28, 4, 6, 9, 3, 15, 29, 15, 4, 2, 14, 31, 14, 2, 7, 28, 31, 30, 25, 28, 4, 9, 5, 10, 13, 30, 20, 30, 28, 9, 5, 22, 23, 31, 15, 12, 13, 25]
[(20, 0.31), (27, 0.31), (24, 0.3233333333333333), (15, 0.33399999999999996), (8, 0.346), (29, 0.355), (30, 0.35749999999999993), (22, 0.458), (6, 0.475), (31, 0.48), (21, 0.48750000000000004), (35, 0.515), (43, 0.5559999999999999), (26, 0.57), (47, 0.5866666666666666), (59, 0.62), (11, 0.63), (3, 0.63)]
[(27, 0.11), (13, 0.125), (21, 0.14833333333333334), (28, 0.16750000000000004), (31, 0.175), (3, 0.1825), (32, 0.186), (2, 0.21000000000000002), (23, 0.21444444444444447), (44, 0.225), (35, 0.23833333333333337), (4, 0.24833333333333338), (8, 0.25), (46, 0.25), (24, 0.26), (15, 0.28), (6, 0.3), (30, 0.33), (29, 0.42), (22, 0.43999999999999995), (57, 0.635), (9, 0.76), (45, 0.76), (53, 0.76), (11, 0.77)]
"\x8C\xCE\x35\x57\xC3\x39\xA3\xA3\xF5\x18\x05\x66\x93\x31\xEF\x91"
[25, 9, 12, 20, 30, 11, 17, 13, 21, 8, 13, 25, 28, 20, 18, 9, 18, 6, 9, 25, 15, 31, 1, 17, 26, 0, 13, 13, 15, 24, 5, 30, 14, 0, 9, 1, 30, 22, 20, 20, 26, 13, 18, 19, 8, 8, 22, 8, 23, 7, 24, 21, 5, 2, 16, 20, 24, 8, 21, 16, 5, 14, 23, 4, 0, 18, 22, 26, 10, 28, 21, 20, 28, 2, 28, 20, 0, 25, 7, 23, 0, 12, 12, 10, 13, 16, 0, 11, 23, 25, 24, 17, 9, 31, 26, 30, 22, 1, 4, 27, 30, 26, 26, 28, 8, 24, 16, 17, 17, 23, 8, 2, 2, 13, 26, 18, 15, 9, 12, 6, 24, 28, 14, 11, 14, 22, 3, 10, 2, 16, 8, 26, 20, 30, 9, 14, 17, 11, 23, 15, 23, 29, 4, 31, 8, 27, 6, 31, 18, 4, 25, 1, 9, 6, 12, 17, 29, 26, 8, 7]
[(12, 0.26), (17, 0.2816666666666667), (30, 0.3233333333333333), (8, 0.32571428571428573), (25, 0.32857142857142857), (7, 0.33), (13, 0.335), (46, 0.335), (33, 0.34), (11, 0.34400000000000003), (22, 0.350625), (20, 0.3515), (9, 0.35916666666666663), (21, 0.3611111111111111), (18, 0.3685714285714286), (43, 0.37999999999999995), (6, 0.391), (44, 0.40750000000000003), (28, 0.41125), (45, 0.42166666666666663), (47, 0.4425), (41, 0.46499999999999997), (31, 0.47750000000000004), (16, 0.48423076923076913), (19, 0.5417500000000001), (4, 0.765)]
[(18, 0.0), (9, 0.02), (25, 0.04), (31, 0.07100000000000001), (17, 0.0842857142857143), (44, 0.085), (26, 0.1325), (13, 0.1645), (1, 0.170625), (12, 0.19), (55, 0.19), (6, 0.1960714285714286), (22, 0.215), (14, 0.22166666666666668), (5, 0.2366666666666667), (15, 0.23775), (30, 0.25333333333333335), (45, 0.28250000000000003), (23, 0.29250000000000004), (16, 0.33078947368421047), (46, 0.42350000000000004), (24, 0.52475), (8, 0.7), (52, 0.705), (54, 0.705)]
"\x79\xA3\x58\x00\xF2\xA8\x1D\xE2\x65\x75\x03\x3D\x04\x5E\x87\xE7"
[7, 27, 12, 26, 24, 6, 28, 7, 7, 5, 0, 17, 14, 25, 5, 2, 8, 27, 1, 7, 23, 11, 26, 6, 14, 25, 29, 24, 23, 13, 6, 17, 8, 27, 6, 2, 31, 18, 16, 29, 21, 12, 19, 14, 16, 16, 13, 24, 16, 5, 11, 24, 13, 19, 14, 15, 25, 13, 14, 13, 24, 1, 24, 20, 27, 8, 31, 28, 15, 28, 28, 13, 9, 21, 31, 19, 20, 11, 9, 12, 23, 23, 16, 19, 23, 19, 13, 2, 24, 11, 8, 1, 7, 20, 25, 18, 20, 13, 13, 4, 3, 11, 0, 20, 11, 12, 24, 3, 8, 22, 10, 18, 9, 10, 17, 28, 2, 23, 23, 26, 2, 2, 2, 20, 12, 23, 25, 4, 23, 3, 14, 23, 7, 13, 26, 6, 8, 2, 15, 5, 31, 21, 15, 18, 28, 2, 2, 5, 12, 31, 8, 26, 31, 6, 29, 18, 13, 8, 19, 6]
[(24, 0.372), (53, 0.37222222222222223), (12, 0.41), (27, 0.43), (26, 0.43), (6, 0.48200000000000004), (59, 0.4955555555555555), (28, 0.5), (25, 0.54), (7, 0.54375), (5, 0.59), (17, 0.6433333333333333), (45, 0.702), (2, 0.71), (22, 0.7244444444444444), (47, 0.8799999999999999)]
[(27, 0.38), (1, 0.4), (7, 0.41333333333333333), (11, 0.41333333333333333), (26, 0.44999999999999996), (14, 0.51), (25, 0.5700000000000001), (30, 0.58), (29, 0.5866666666666667), (6, 0.59), (24, 0.598), (22, 0.5983333333333333), (4, 0.6055555555555555), (23, 0.6180000000000001), (13, 0.63), (17, 0.6555555555555554), (18, 0.6675), (44, 0.675), (45, 0.6937500000000001)]
"\x73\xE7\x87\x0A\x76\xE6\xC9\x06\xC1\xF4\x9B\x3A\xEA\x90\x8B\xC0"
[6, 18, 31, 30, 8, 22, 29, 6, 19, 28, 27, 13, 19, 17, 31, 2, 2, 27, 21, 4, 21, 10, 25, 15, 24, 21, 5, 18, 22, 30, 29, 0, 18, 12, 30, 31, 11, 13, 2, 31, 5, 31, 12, 4, 11, 16, 29, 12, 18, 9, 4, 10, 20, 30, 13, 13, 27, 3, 18, 15, 14, 28, 0, 29, 30, 29, 26, 22, 13, 14, 19, 24, 5, 8, 18, 3, 5, 7, 16, 7, 4, 5, 13, 8, 26, 9, 30, 8, 27, 12, 15, 30, 7, 11, 25, 6, 9, 22, 16, 28, 23, 1, 4, 12, 31, 15, 10, 14, 0, 26, 3, 19, 3, 27, 10, 23, 16, 30, 11, 24, 4, 0, 26, 16, 1, 30, 21, 15, 2, 15, 10, 7, 8, 4, 19, 27, 18, 15, 11, 11, 18, 11, 24, 9, 29, 17, 22, 25, 12, 6, 14, 7, 14, 11, 9, 28, 27, 12, 10, 29]
[(18, 0.16), (29, 0.18), (30, 0.18000000000000002), (8, 0.188), (6, 0.23000000000000004), (28, 0.2733333333333334), (27, 0.3333333333333333), (19, 0.36), (22, 0.37), (47, 0.38), (31, 0.41000000000000003), (13, 0.42), (2, 0.44399999999999995), (43, 0.4720000000000001), (15, 0.5399999999999999), (10, 0.58), (45, 0.58), (9, 0.58), (39, 0.62), (25, 0.668), (11, 0.7)]
[(2, 0.43600000000000005), (20, 0.516), (27, 0.53), (4, 0.55), (10, 0.56), (11, 0.6066666666666668), (24, 0.6066666666666668), (25, 0.608), (21, 0.6333333333333334), (15, 0.6520000000000001), (16, 0.6666666666666666), (38, 0.6679999999999999), (30, 0.68), (45, 0.7066666666666667), (18, 0.7066666666666667), (29, 0.73), (44, 0.7666666666666666)]
"\x84\x3F\xAF\x52\x09\xAD\x2A\x88\x03\x5D\xC2\xAF\x99\x48\xE0\xA3"
[24, 27, 20, 18, 7, 3, 16, 13, 11, 7, 30, 28, 29, 10, 3, 16, 29, 14, 10, 27, 28, 3, 23, 5, 2, 13, 5, 15, 28, 8, 5, 24, 4, 26, 4, 20, 24, 0, 6, 1, 31, 9, 23, 24, 10, 3, 9, 16, 13, 0, 31, 14, 29, 20, 6, 10, 7, 5, 30, 3, 9, 5, 15, 4, 27, 14, 7, 13, 12, 12, 2, 31, 31, 25, 19, 13, 6, 8, 8, 0, 17, 13, 18, 12, 17, 18, 1, 15, 16, 31, 13, 18, 17, 13, 17, 23, 29, 12, 19, 16, 25, 25, 12, 8, 5, 10, 29, 28, 5, 4, 3, 7, 6, 15, 9, 2, 1, 5, 18, 29, 27, 12, 27, 14, 9, 18, 10, 23, 18, 31, 2, 30, 19, 26, 11, 14, 20, 25, 11, 19, 31, 26, 29, 21, 15, 4, 1, 5, 31, 24, 28, 0, 19, 21, 19, 29, 24, 6, 11, 31]
[(24, 0.14), (27, 0.14), (18, 0.17), (4, 0.20500000000000002), (10, 0.28), (13, 0.28), (31, 0.2866666666666667), (29, 0.29333333333333333), (20, 0.296), (7, 0.328), (6, 0.396), (11, 0.4), (51, 0.45600000000000007), (43, 0.46799999999999997), (3, 0.4720000000000001), (16, 0.47333333333333333), (21, 0.476), (22, 0.624), (45, 0.7), (17, 0.768)]
[(14, 0.18), (29, 0.18), (11, 0.2333333333333333), (5, 0.24), (27, 0.255), (10, 0.28), (23, 0.28), (3, 0.3333333333333333), (13, 0.37333333333333335), (43, 0.396), (22, 0.40800000000000003), (2, 0.4266666666666666), (44, 0.4466666666666667), (28, 0.54), (45, 0.6), (6, 0.6666666666666666)]
"\xA6\xE7\x63\x3F\xFB\x21\xB4\x5A\x85\x0A\xF5\xA4\x25\x54\x6E\x10"
[28, 10, 18, 4, 25, 9, 1, 0, 27, 4, 7, 6, 10, 17, 16, 17, 30, 28, 27, 7, 26, 27, 25, 2, 9, 28, 11, 25, 0, 6, 14, 13, 25, 18, 16, 4, 19, 11, 5, 4, 5, 3, 2, 4, 24, 31, 17, 27, 18, 24, 7, 8, 16, 10, 30, 16, 15, 23, 14, 14, 30, 20, 19, 1, 14, 20, 7, 29, 8, 31, 28, 6, 5, 25, 21, 31, 12, 22, 28, 5, 22, 11, 24, 10, 2, 0, 17, 8, 15, 31, 7, 10, 21, 16, 17, 19, 29, 1, 4, 16, 6, 4, 15, 16, 31, 23, 26, 10, 24, 19, 22, 12, 9, 0, 6, 24, 24, 8, 5, 25, 14, 19, 2, 14, 17, 24, 2, 28, 26, 2, 20, 16, 23, 1, 1, 22, 17, 30, 31, 12, 25, 20, 10, 30, 12, 21, 10, 16, 1, 30, 22, 31, 25, 1, 6, 18, 31, 6, 28, 18]
[(22, 0.312), (25, 0.33999999999999997), (18, 0.38666666666666666), (27, 0.484), (38, 0.488), (28, 0.492), (9, 0.5), (47, 0.53), (19, 0.6), (16, 0.6266666666666667), (10, 0.6360000000000001), (6, 0.6440000000000001), (17, 0.7)]
[(2, 0.06), (7, 0.11000000000000001), (27, 0.14), (14, 0.26), (28, 0.31999999999999995), (13, 0.375), (45, 0.392), (6, 0.4066666666666667), (30, 0.40800000000000003), (48, 0.43200000000000005), (44, 0.5120000000000001), (34, 0.54), (8, 0.5640000000000001)]
"\x07\x8D\xB3\x72\x60\x8F\xB2\x78\xDA\x3D\x1A\x0B\x34\x65\xBF\x1B"
[8, 31, 15, 5, 10, 15, 27, 9, 16, 2, 29, 2, 8, 28, 16, 4, 7, 10, 11, 15, 10, 12, 18, 25, 9, 8, 4, 20, 15, 25, 20, 20, 24, 8, 0, 13, 1, 16, 6, 17, 3, 2, 19, 16, 22, 10, 21, 6, 13, 22, 11, 27, 10, 18, 5, 17, 6, 14, 18, 28, 8, 26, 29, 16, 24, 1, 31, 28, 3, 12, 13, 0, 5, 26, 11, 8, 23, 15, 11, 7, 5, 24, 5, 29, 20, 17, 24, 21, 4, 0, 5, 0, 18, 14, 24, 18, 14, 21, 3, 12, 24, 29, 22, 6, 19, 18, 14, 14, 25, 0, 29, 27, 16, 11, 10, 7, 23, 9, 13, 7, 26, 2, 18, 25, 31, 31, 18, 23, 25, 5, 8, 22, 4, 18, 29, 11, 3, 18, 11, 28, 9, 3, 5, 6, 29, 13, 5, 20, 13, 26, 19, 27, 21, 12, 6, 10, 22, 20, 22, 11]
[(10, 0.02), (31, 0.025), (15, 0.06), (27, 0.125), (55, 0.14666666666666667), (8, 0.215), (2, 0.22600000000000003), (34, 0.24666666666666667), (28, 0.25), (16, 0.263), (29, 0.309), (7, 0.31), (9, 0.31), (4, 0.34375), (5, 0.34750000000000003), (45, 0.4566666666666667), (6, 0.48333333333333334), (47, 0.5166666666666666), (44, 0.596), (52, 0.92), (14, 0.93), (20, 0.98)]
[(7, 0.01), (11, 0.05500000000000001), (18, 0.06666666666666667), (6, 0.07), (10, 0.0875), (12, 0.11333333333333333), (19, 0.12000000000000001), (8, 0.16499999999999998), (4, 0.18166666666666667), (15, 0.21900000000000003), (25, 0.23444444444444443), (34, 0.2475), (55, 0.2911111111111111), (20, 0.31100000000000005), (44, 0.355), (14, 0.5511111111111111)]
"\xB9\xC9\x0E\x91\xC5\xCC\x50\x1E\x02\x34\xAE\x6B\xC0\xA5\x26\x6E"
[31, 23, 25, 11, 30, 14, 8, 21, 11, 26, 10, 14, 22, 20, 12, 8, 25, 10, 22, 19, 21, 27, 29, 27, 17, 14, 1, 27, 8, 23, 25, 29, 20, 13, 12, 8, 13, 7, 25, 13, 11, 22, 8, 30, 1, 15, 28, 27, 6, 29, 23, 10, 13, 0, 26, 26, 16, 5, 24, 5, 6, 19, 17, 11, 3, 0, 20, 25, 24, 18, 12, 6, 5, 27, 11, 11, 4, 5, 1, 29, 15, 13, 31, 24, 15, 24, 6, 15, 15, 28, 27, 8, 30, 23, 4, 11, 1, 8, 13, 10, 24, 19, 14, 10, 18, 17, 29, 20, 20, 28, 28, 30, 4, 27, 0, 12, 20, 24, 15, 23, 18, 30, 22, 7, 12, 12, 16, 23, 6, 1, 0, 5, 26, 22, 6, 0, 12, 17, 11, 17, 11, 9, 26, 0, 26, 0, 13, 15, 1, 19, 24, 2, 8, 27, 19, 29, 4, 17, 19, 5]
[(4, 0.05), (31, 0.26), (25, 0.2875), (30, 0.325), (21, 0.33499999999999996), (11, 0.35500000000000004), (10, 0.365), (26, 0.376), (8, 0.3938888888888889), (14, 0.39714285714285713), (22, 0.40249999999999997), (20, 0.41714285714285715), (9, 0.42125), (6, 0.4253125), (43, 0.43124999999999997), (23, 0.43375), (12, 0.44000000000000006), (47, 0.4478571428571429), (13, 0.45166666666666666), (45, 0.47388888888888897)]
[(22, 0.28833333333333333), (19, 0.29875), (21, 0.31), (28, 0.319), (17, 0.34125), (14, 0.37666666666666665), (27, 0.40625), (6, 0.4316666666666667), (8, 0.43642857142857144), (29, 0.4375000000000001), (25, 0.4377272727272727), (45, 0.4426923076923078), (23, 0.45425000000000004), (44, 0.49), (47, 0.675), (58, 0.75)]
"\x86\x76\x16\xCC\x20\xE8\xFC\xD4\x93\xF1\x6A\x2A\x5B\x54\xE0\x16"
[24, 19, 1, 4, 2, 22, 16, 30, 25, 4, 9, 23, 5, 3, 25, 0, 17, 27, 31, 0, 22, 22, 7, 16, 16, 27, 3, 5, 8, 11, 24, 0, 22, 6, 5, 10, 26, 31, 21, 24, 20, 27, 18, 7, 3, 8, 18, 6, 28, 20, 27, 4, 14, 5, 26, 19, 20, 11, 15, 9, 5, 22, 12, 22, 19, 21, 5, 13, 2, 18, 5, 2, 16, 2, 23, 18, 2, 21, 13, 30, 7, 25, 26, 31, 29, 27, 13, 13, 5, 21, 27, 26, 10, 9, 0, 13, 18, 22, 28, 11, 4, 6, 0, 2, 24, 6, 26, 17, 21, 15, 30, 26, 20, 7, 4, 11, 1, 1, 8, 4, 31, 28, 25, 22, 3, 21, 6, 14, 23, 25, 13, 28, 5, 31, 14, 2, 13, 12, 9, 15, 23, 0, 11, 26, 19, 3, 4, 0, 28, 12, 9, 8, 14, 4, 27, 28, 16, 12, 18, 26]
[(13, 0.0), (50, 0.0), (2, 0.33), (19, 0.33), (22, 0.4), (9, 0.43600000000000005), (16, 0.4666666666666666), (43, 0.48), (30, 0.4800000000000001), (3, 0.496), (24, 0.54), (23, 0.55), (25, 0.55), (48, 0.572), (34, 0.595), (5, 0.6200000000000001), (47, 0.72), (4, 0.78), (6, 0.86), (45, 0.86)]
[(31, 0.14375), (22, 0.15), (51, 0.16875), (27, 0.16875), (7, 0.19999999999999998), (16, 0.2125), (45, 0.225), (4, 0.27499999999999997), (44, 0.2916666666666667), (26, 0.31875), (11, 0.3875), (18, 0.40625), (5, 0.4125), (12, 0.41250000000000003), (19, 0.41875), (38, 0.42500000000000004), (17, 0.6000000000000001), (8, 0.6375), (6, 0.6875), (57, 0.74375)]
"\xFF\x60\x03\x90\x82\xC9\x03\xB6\xC6\x5F\x93\x81\xEA\xFE\x7C\x36"
[23, 23, 30, 0, 22, 3, 3, 21, 19, 17, 11, 27, 19, 1, 6, 21, 10, 16, 25, 4, 7, 8, 28, 1, 4, 22, 26, 10, 29, 3, 5, 28, 2, 13, 30, 12, 10, 26, 17, 18, 25, 26, 29, 7, 5, 1, 18, 14, 12, 6, 5, 2, 9, 18, 7, 28, 23, 5, 29, 26, 23, 30, 25, 7, 8, 4, 9, 24, 18, 2, 18, 12, 12, 25, 29, 31, 0, 8, 21, 18, 23, 14, 6, 4, 26, 20, 9, 14, 16, 10, 12, 4, 18, 10, 24, 26, 3, 15, 2, 16, 22, 25, 30, 22, 6, 4, 1, 0, 5, 21, 7, 30, 18, 1, 31, 25, 16, 23, 16, 17, 25, 0, 18, 28, 8, 14, 4, 7, 21, 5, 29, 13, 17, 13, 0, 20, 18, 20, 25, 14, 17, 11, 30, 17, 19, 3, 10, 27, 0, 27, 16, 5, 1, 9, 1, 30, 6, 15, 9, 11]
[(30, 0.24000000000000002), (16, 0.336), (3, 0.37), (53, 0.37200000000000005), (8, 0.396), (22, 0.41000000000000003), (55, 0.45600000000000007), (4, 0.47500000000000003), (11, 0.5), (17, 0.54), (19, 0.54), (27, 0.54), (48, 0.5519999999999999), (28, 0.552), (47, 0.5800000000000001), (45, 0.59), (21, 0.59), (23, 0.62), (1, 0.724), (43, 0.76), (6, 0.8066666666666666)]
[(58, 0.34800000000000003), (1, 0.4), (16, 0.4), (45, 0.44), (25, 0.44800000000000006), (56, 0.45200000000000007), (33, 0.46), (30, 0.504), (44, 0.508), (11, 0.54), (12, 0.54), (7, 0.548), (53, 0.58), (8, 0.5960000000000001), (28, 0.6359999999999999), (26, 0.6466666666666666), (3, 0.69), (4, 0.708), (29, 0.716), (22, 0.728), (23, 0.732), (6, 0.7799999999999999), (5, 0.8)]
"\xC0\x64\xC0\x09\xA4\xFA\x8B\x73\xC7\x3D\x4A\xAB\xF1\x1F\x0C\x32"
[16, 17, 5, 0, 18, 15, 13, 6, 19, 13, 19, 3, 16, 1, 23, 16, 27, 13, 2, 26, 5, 15, 19, 30, 6, 25, 10, 29, 31, 29, 25, 18, 0, 5, 10, 15, 10, 1, 15, 8, 2, 12, 17, 2, 4, 4, 4, 0, 15, 8, 20, 14, 22, 9, 6, 4, 21, 8, 10, 7, 11, 0, 31, 0, 25, 27, 0, 3, 0, 27, 9, 9, 10, 0, 10, 20, 17, 24, 8, 20, 16, 7, 17, 16, 8, 5, 12, 13, 7, 27, 7, 29, 26, 12, 20, 2, 21, 23, 18, 12, 14, 17, 14, 20, 20, 15, 26, 20, 1, 2, 11, 6, 30, 2, 13, 25, 13, 26, 29, 27, 30, 1, 27, 22, 30, 26, 18, 12, 23, 29, 22, 5, 22, 23, 16, 20, 3, 11, 17, 14, 7, 10, 11, 15, 2, 9, 28, 18, 7, 20, 29, 25, 19, 8, 3, 19, 31, 15, 0, 12]
[(5, 0.39749999999999996), (18, 0.4109999999999999), (15, 0.43), (50, 0.44), (46, 0.44000000000000006), (13, 0.45099999999999996), (7, 0.46375), (14, 0.46499999999999997), (19, 0.47750000000000004), (17, 0.48), (16, 0.48687499999999995), (43, 0.49375), (34, 0.508), (23, 0.5085714285714286), (6, 0.5097222222222222), (3, 0.5099999999999999), (38, 0.53025), (47, 0.532), (51, 0.5866666666666667), (1, 0.65425), (27, 0.715)]
[(13, 0.075), (2, 0.0875), (15, 0.10833333333333334), (27, 0.125), (5, 0.135), (30, 0.2027777777777778), (10, 0.22916666666666669), (6, 0.23981481481481481), (29, 0.25972222222222224), (26, 0.26319444444444445), (25, 0.2714285714285714), (31, 0.2805555555555555), (34, 0.2856060606060606), (18, 0.31875), (51, 0.3208333333333333), (19, 0.365), (28, 0.46388888888888885), (39, 0.48611111111111116), (60, 0.5381944444444445), (44, 0.5611111111111111), (21, 0.6423611111111112)]
"\xB9\x19\x44\x68\xD9\x32\x89\xD3\x5E\x8A\x23\x49\x4B\x04\x23\xAD"
[31, 8, 8, 19, 29, 25, 8, 10, 0, 14, 3, 23, 7, 14, 23, 12, 9, 11, 16, 15, 26, 10, 9, 12, 9, 30, 20, 17, 19, 11, 8, 5, 6, 17, 16, 4, 6, 26, 14, 7, 5, 18, 19, 30, 12, 30, 5, 30, 17, 24, 4, 23, 0, 19, 29, 7, 26, 30, 27, 13, 17, 6, 5, 6, 10, 31, 8, 9, 28, 11, 21, 3, 9, 23, 19, 30, 14, 10, 1, 4, 25, 27, 28, 6, 26, 1, 15, 28, 23, 25, 14, 30, 19, 29, 1, 6, 17, 24, 10, 17, 8, 0, 8, 29, 9, 11, 27, 12, 1, 19, 17, 31, 10, 7, 9, 7, 21, 18, 14, 18, 10, 11, 13, 6, 6, 28, 13, 15, 10, 28, 5, 6, 25, 11, 20, 23, 31, 3, 19, 10, 8, 26, 19, 10, 31, 11, 20, 6, 23, 5, 4, 24, 5, 5, 26, 8, 9, 27, 6, 13]
[(31, 0.46), (19, 0.5033333333333333), (44, 0.507), (29, 0.528), (8, 0.5371428571428571), (25, 0.5416666666666666), (3, 0.6300000000000001), (14, 0.6420000000000001), (6, 0.6529999999999999), (7, 0.7), (23, 0.7166666666666667), (43, 0.744), (47, 0.744), (12, 0.7577777777777779), (50, 0.93)]
[(16, 0.37), (15, 0.39499999999999996), (26, 0.41333333333333333), (45, 0.45), (44, 0.497), (30, 0.525), (12, 0.5333333333333333), (17, 0.5714285714285714), (18, 0.5928571428571429), (20, 0.5980000000000001), (11, 0.627), (23, 0.6385714285714287), (19, 0.6799999999999999), (5, 0.6983333333333333), (6, 0.7250000000000001), (8, 0.7266666666666666)]
"\x31\x43\x98\x3B\x25\x00\x36\x41\x13\x8E\xB7\xC6\x4A\xEC\xEF\x3A"
[14, 14, 26, 1, 2, 25, 17, 0, 9, 19, 24, 5, 7, 5, 0, 29, 5, 25, 10, 27, 24, 15, 25, 8, 19, 29, 14, 2, 24, 22, 29, 22, 24, 10, 13, 1, 19, 29, 16, 3, 6, 1, 5, 20, 15, 18, 30, 30, 28, 29, 19, 29, 8, 0, 6, 26, 10, 25, 28, 3, 17, 2, 19, 22, 8, 25, 24, 31, 7, 15, 16, 17, 14, 15, 4, 9, 13, 17, 6, 6, 3, 2, 19, 21, 20, 30, 6, 12, 1, 22, 15, 14, 31, 6, 25, 25, 5, 19, 19, 13, 10, 27, 29, 4, 18, 24, 6, 12, 18, 15, 9, 10, 25, 13, 5, 29, 2, 31, 4, 10, 29, 23, 24, 29, 23, 28, 23, 25, 1, 2, 28, 23, 12, 29, 10, 30, 10, 26, 19, 8, 15, 5, 2, 24, 24, 11, 21, 13, 9, 23, 20, 11, 10, 19, 27, 16, 13, 30, 29, 25]
[(14, 0.14500000000000002), (26, 0.16), (2, 0.18333333333333335), (25, 0.20666666666666667), (17, 0.22000000000000003), (36, 0.24), (45, 0.286), (43, 0.294), (9, 0.2957142857142857), (19, 0.355), (24, 0.36), (7, 0.37285714285714283), (34, 0.384), (5, 0.384), (47, 0.384), (6, 0.38999999999999996), (29, 0.41500000000000004), (53, 0.43500000000000005), (50, 0.4640000000000001)]
[(11, 0.34), (5, 0.39), (8, 0.42000000000000004), (27, 0.435), (48, 0.43600000000000005), (7, 0.438), (25, 0.466), (19, 0.516), (14, 0.55), (15, 0.56), (24, 0.592), (44, 0.5966666666666667), (29, 0.6071428571428571), (2, 0.6174999999999999), (50, 0.62), (6, 0.6275), (34, 0.64), (30, 0.6528571428571429), (45, 0.805)]
"\xC8\x31\x5B\x97\x3C\xDB\x17\x9D\xF0\x57\x54\x9F\xC6\x61\xFB\x45"
[17, 21, 6, 14, 1, 2, 19, 21, 21, 2, 0, 30, 22, 11, 4, 22, 21, 5, 18, 8, 11, 2, 28, 22, 21, 9, 30, 12, 14, 15, 14, 28, 26, 3, 13, 21, 11, 22, 25, 3, 4, 28, 29, 31, 26, 2, 18, 19, 16, 16, 3, 25, 5, 9, 27, 11, 7, 14, 26, 31, 10, 18, 3, 11, 6, 16, 29, 4, 17, 11, 20, 27, 8, 11, 25, 25, 3, 13, 7, 5, 9, 12, 22, 1, 19, 9, 6, 4, 1, 11, 14, 8, 28, 2, 15, 31, 23, 10, 2, 6, 4, 27, 19, 10, 2, 14, 4, 15, 25, 25, 22, 8, 0, 27, 2, 14, 15, 26, 7, 11, 0, 27, 4, 18, 8, 30, 18, 5, 19, 15, 12, 20, 24, 14, 18, 8, 22, 30, 19, 4, 2, 11, 17, 6, 30, 22, 30, 30, 11, 10, 18, 14, 14, 1, 5, 28, 7, 23, 7, 10]
[(17, 0.46), (21, 0.5), (44, 0.5133333333333333), (19, 0.52), (2, 0.54), (11, 0.54), (6, 0.576), (36, 0.5900000000000001), (30, 0.6100000000000001), (43, 0.6519999999999999), (45, 0.6519999999999999), (4, 0.6950000000000001), (47, 0.728), (22, 0.7733333333333333)]
[(5, 0.05), (8, 0.05), (11, 0.10000000000000002), (21, 0.11333333333333333), (36, 0.12000000000000001), (2, 0.12666666666666668), (29, 0.13599999999999998), (22, 0.15000000000000002), (18, 0.18), (30, 0.19333333333333336), (31, 0.22), (12, 0.25600000000000006), (45, 0.26), (14, 0.31), (6, 0.36), (7, 0.372), (17, 0.42799999999999994), (44, 0.48666666666666664), (46, 0.6199999999999999), (33, 0.6639999999999999), (34, 0.85)]
"\x65\xA4\xF2\x67\xE3\xA1\x72\xBC\x5A\x17\x16\x3F\x4B\xC7\xDF\x64"
[4, 26, 14, 10, 26, 10, 23, 11, 0, 22, 21, 26, 7, 25, 8, 2, 17, 12, 13, 6, 11, 29, 13, 19, 27, 11, 26, 15, 8, 2, 27, 18, 2, 16, 22, 7, 31, 6, 8, 9, 5, 26, 21, 5, 15, 6, 0, 6, 3, 16, 14, 20, 3, 15, 22, 15, 23, 23, 8, 22, 14, 12, 4, 8, 3, 31, 16, 26, 11, 0, 15, 24, 28, 29, 16, 3, 21, 3, 11, 25, 7, 14, 7, 23, 31, 5, 2, 29, 28, 23, 26, 15, 15, 10, 4, 21, 6, 13, 23, 12, 10, 24, 16, 9, 8, 22, 25, 10, 17, 25, 4, 21, 16, 14, 25, 16, 7, 18, 26, 14, 15, 3, 7, 2, 11, 7, 11, 29, 12, 18, 14, 2, 15, 14, 11, 8, 0, 9, 31, 15, 26, 0, 15, 24, 16, 17, 0, 21, 18, 23, 5, 18, 22, 12, 2, 21, 3, 25, 5, 28]
[(4, 0.465), (14, 0.49), (10, 0.495), (11, 0.5099999999999999), (23, 0.5137499999999999), (22, 0.5225), (21, 0.5499999999999999), (27, 0.5499999999999999), (35, 0.5575), (43, 0.5642857142857143), (7, 0.565625), (8, 0.5665), (45, 0.57), (6, 0.5744999999999999), (47, 0.5994444444444444), (26, 0.6), (2, 0.6177500000000001)]
[(17, 0.12), (10, 0.13), (12, 0.13), (29, 0.16833333333333333), (30, 0.17833333333333334), (13, 0.18125), (19, 0.20600000000000002), (15, 0.2157142857142857), (11, 0.21666666666666667), (26, 0.24), (6, 0.24666666666666667), (8, 0.27666666666666667), (2, 0.2955555555555556), (44, 0.3011111111111111), (27, 0.31500000000000006), (45, 0.335), (28, 0.33666666666666667), (18, 0.3385714285714286), (25, 0.39499999999999996), (35, 0.42500000000000004), (33, 0.5166666666666667)]
"\x38\xEF\xE5\x3B\xD5\x65\xE3\xA8\x7B\x63\x38\x80\xFC\x43\x97\xC4"
[15, 2, 11, 30, 28, 4, 30, 0, 4, 6, 23, 24, 17, 16, 26, 21, 27, 20, 23, 24, 0, 31, 21, 25, 3, 13, 18, 25, 5, 24, 19, 12, 10, 13, 22, 14, 4, 25, 18, 8, 19, 13, 0, 16, 27, 23, 12, 2, 8, 12, 18, 6, 28, 16, 0, 9, 30, 29, 24, 6, 14, 10, 15, 7, 1, 29, 30, 9, 15, 23, 18, 11, 0, 1, 10, 29, 5, 20, 31, 14, 27, 7, 18, 14, 26, 1, 15, 18, 4, 11, 23, 20, 20, 11, 26, 5, 16, 17, 7, 13, 9, 29, 8, 24, 13, 7, 0, 20, 15, 19, 5, 5, 18, 13, 29, 17, 6, 21, 15, 20, 6, 12, 10, 20, 25, 10, 2, 21, 7, 31, 13, 2, 15, 31, 14, 12, 22, 8, 13, 5, 7, 1, 25, 15, 15, 23, 24, 25, 8, 13, 23, 31, 16, 9, 19, 30, 21, 20, 5, 17]
[(15, 0.32), (2, 0.3275), (12, 0.35), (31, 0.3575), (28, 0.3625), (30, 0.378), (33, 0.385), (4, 0.41374999999999995), (24, 0.441), (23, 0.45749999999999996), (17, 0.46749999999999997), (16, 0.47700000000000004), (26, 0.49749999999999994), (6, 0.5015789473684211), (43, 0.5066666666666667), (45, 0.5366666666666666), (21, 0.542), (47, 0.5983333333333334), (22, 0.61)]
[(27, 0.18333333333333335), (20, 0.4375), (23, 0.44333333333333336), (31, 0.45499999999999996), (21, 0.46749999999999997), (13, 0.49416666666666664), (3, 0.49875), (25, 0.4991666666666667), (24, 0.5194444444444444), (18, 0.5275), (6, 0.5425), (22, 0.5583333333333332), (5, 0.5587500000000001), (19, 0.5607142857142857), (14, 0.565), (44, 0.5925), (12, 0.5928571428571429), (45, 0.6133333333333333), (1, 0.705)]
"\x72\x40\x4C\xD7\xB7\xE6\x67\xF4\x4E\x9D\x54\xDA\xD8\x84\x76\xA0"
[6, 18, 6, 18, 16, 27, 2, 29, 2, 30, 2, 19, 21, 5, 10, 30, 18, 7, 17, 6, 1, 9, 17, 1, 18, 26, 7, 16, 30, 5, 21, 6, 4, 4, 10, 17, 0, 13, 28, 18, 9, 5, 27, 23, 5, 10, 7, 9, 29, 26, 10, 15, 1, 14, 9, 12, 28, 0, 10, 22, 9, 24, 0, 6, 15, 3, 6, 26, 17, 18, 25, 30, 1, 5, 24, 30, 31, 20, 21, 13, 19, 13, 11, 15, 24, 14, 29, 31, 28, 19, 21, 19, 26, 7, 6, 10, 15, 22, 20, 0, 2, 20, 21, 31, 25, 11, 7, 23, 26, 28, 26, 22, 28, 7, 0, 4, 26, 28, 5, 21, 28, 1, 13, 14, 9, 10, 16, 7, 8, 0, 2, 13, 11, 5, 16, 16, 21, 26, 17, 16, 19, 14, 27, 12, 30, 16, 22, 29, 28, 24, 18, 7, 1, 15, 29, 16, 28, 2, 25, 5]
[(8, 0.145), (55, 0.18), (28, 0.4283333333333334), (54, 0.4489473684210526), (18, 0.505), (16, 0.5549999999999999), (38, 0.5599999999999999), (29, 0.5740000000000001), (2, 0.595), (19, 0.5958333333333333), (31, 0.6), (5, 0.6091666666666665), (20, 0.6100000000000001), (27, 0.6100000000000001), (44, 0.6125), (6, 0.6129166666666667), (3, 0.62), (21, 0.6220000000000001), (43, 0.6278571428571428), (30, 0.6281818181818183), (22, 0.6528571428571429), (47, 0.657), (46, 0.7275)]
[(19, 0.37), (2, 0.39), (8, 0.4), (18, 0.4083333333333334), (17, 0.409), (7, 0.4450000000000001), (26, 0.45999999999999996), (46, 0.46249999999999997), (22, 0.4728571428571429), (16, 0.48499999999999993), (3, 0.4875), (44, 0.5), (6, 0.5093333333333333), (30, 0.5164285714285715), (5, 0.525), (27, 0.5342105263157894), (21, 0.57), (14, 0.6808333333333333)]
"\x07\x43\x9B\x1C\x89\x25\x38\x22\x9C\x39\xF2\x75\x0F\x38\x25\x12"
[8, 10, 18, 4, 23, 15, 8, 4, 24, 9, 24, 9, 15, 5, 1, 11, 20, 26, 8, 21, 10, 9, 10, 29, 13, 28, 21, 6, 7, 19, 19, 14, 7, 26, 21, 18, 23, 16, 29, 24, 24, 11, 3, 18, 17, 22, 19, 20, 19, 3, 19, 11, 27, 28, 7, 29, 31, 5, 31, 26, 4, 0, 21, 22, 30, 10, 16, 7, 3, 0, 21, 18, 5, 0, 14, 15, 18, 18, 12, 24, 7, 28, 31, 12, 13, 10, 21, 18, 21, 9, 16, 25, 4, 17, 5, 19, 5, 31, 11, 31, 21, 26, 6, 18, 9, 4, 13, 3, 15, 14, 25, 10, 26, 19, 5, 25, 19, 14, 27, 7, 16, 18, 21, 19, 14, 28, 2, 18, 22, 31, 28, 19, 22, 29, 28, 3, 8, 5, 27, 31, 21, 14, 15, 17, 4, 9, 7, 1, 24, 18, 13, 17, 14, 27, 14, 7, 24, 7, 17, 9]
[(18, 0.18999999999999997), (60, 0.23600000000000004), (23, 0.24), (8, 0.24000000000000002), (4, 0.2571428571428572), (15, 0.31222222222222223), (24, 0.31300000000000006), (9, 0.331), (5, 0.39749999999999996), (34, 0.44800000000000006), (1, 0.4566666666666667), (35, 0.458), (43, 0.4640000000000001), (47, 0.49000000000000005), (6, 0.492), (11, 0.4928571428571429), (2, 0.506), (48, 0.522), (45, 0.5766666666666667)]
[(17, 0.43657894736842107), (8, 0.4483333333333333), (9, 0.45875), (29, 0.45875), (13, 0.5275), (21, 0.5427777777777778), (28, 0.5657142857142857), (7, 0.591), (6, 0.5937500000000001), (35, 0.5988888888888889), (20, 0.60375), (45, 0.616), (19, 0.6407142857142858), (14, 0.6666666666666666), (44, 0.6966666666666667)]
"\x59\xB3\xD9\xE0\xE7\x16\x2D\x55\x52\x43\xF4\xB2\x7F\x8A\x9F\x38"
[3, 12, 18, 1, 26, 0, 31, 27, 1, 31, 16, 7, 1, 27, 3, 19, 3, 30, 15, 18, 23, 11, 23, 25, 27, 17, 4, 27, 18, 22, 22, 23, 29, 17, 5, 6, 15, 17, 21, 30, 1, 29, 6, 2, 14, 13, 20, 18, 11, 15, 27, 15, 28, 4, 5, 6, 25, 13, 17, 7, 20, 5, 29, 3, 31, 24, 20, 3, 31, 20, 24, 25, 2, 16, 22, 30, 23, 27, 22, 16, 2, 24, 1, 16, 25, 21, 13, 19, 23, 6, 29, 31, 21, 6, 14, 5, 20, 8, 17, 29, 4, 5, 10, 15, 1, 14, 27, 20, 12, 4, 7, 24, 4, 18, 17, 6, 17, 29, 19, 16, 17, 5, 3, 10, 10, 14, 8, 18, 29, 1, 29, 5, 17, 17, 8, 21, 15, 0, 16, 13, 0, 12, 22, 23, 6, 26, 24, 23, 26, 14, 0, 6, 9, 27, 12, 14, 24, 19, 8, 17]
[(18, 0.33999999999999997), (12, 0.35), (26, 0.385), (31, 0.5109999999999999), (27, 0.522), (2, 0.523), (3, 0.532), (7, 0.5519999999999999), (16, 0.5599999999999999), (32, 0.5625), (6, 0.6212500000000001), (30, 0.64), (43, 0.65), (19, 0.665), (22, 0.6733333333333333), (45, 0.7066666666666667), (47, 0.7125)]
[(3, 0.2), (15, 0.2), (30, 0.22), (31, 0.24), (27, 0.25), (11, 0.29000000000000004), (4, 0.346), (17, 0.3471428571428571), (25, 0.3575), (22, 0.4266666666666667), (23, 0.42875), (6, 0.48750000000000004), (45, 0.492), (18, 0.5), (44, 0.5214285714285715)]
"\x69\x76\xB4\x48\x27\xBA\xF4\x94\x9B\xF2\xC5\x49\x25\x2E\x26\x21"
[5, 25, 20, 2, 2, 22, 8, 14, 24, 11, 29, 31, 10, 3, 24, 12, 9, 7, 31, 5, 18, 7, 1, 21, 10, 19, 10, 1, 7, 13, 11, 11, 0, 5, 2, 16, 3, 22, 0, 15, 31, 16, 18, 13, 31, 11, 11, 31, 28, 31, 1, 29, 27, 28, 0, 14, 14, 13, 24, 22, 13, 19, 2, 16, 28, 15, 26, 6, 22, 8, 19, 2, 4, 21, 6, 26, 15, 20, 26, 3, 4, 22, 18, 18, 19, 10, 26, 5, 15, 31, 10, 27, 2, 15, 8, 24, 29, 6, 11, 1, 1, 13, 3, 3, 25, 8, 26, 19, 14, 6, 7, 27, 16, 24, 29, 21, 27, 27, 5, 18, 29, 29, 9, 31, 12, 2, 4, 29, 17, 17, 20, 14, 28, 8, 7, 26, 16, 10, 27, 1, 28, 12, 24, 16, 10, 20, 15, 30, 10, 30, 13, 20, 11, 25, 20, 26, 6, 15, 16, 9]
[(5, 0.29), (25, 0.29), (26, 0.29), (20, 0.295), (2, 0.31), (8, 0.3133333333333333), (22, 0.33999999999999997), (14, 0.352), (32, 0.36333333333333334), (11, 0.4122222222222222), (10, 0.42000000000000004), (29, 0.422), (24, 0.42399999999999993), (31, 0.4257142857142857), (3, 0.4425), (6, 0.45714285714285713), (53, 0.46099999999999997), (4, 0.49749999999999994), (47, 0.5366666666666666), (12, 0.5499999999999999), (35, 0.59), (45, 0.61), (43, 0.62)]
[(9, 0.24), (31, 0.25), (5, 0.26), (18, 0.26), (21, 0.2916666666666667), (1, 0.3), (10, 0.33), (19, 0.3416666666666666), (35, 0.35300000000000004), (44, 0.35300000000000004), (45, 0.355), (6, 0.36250000000000004), (7, 0.38), (13, 0.38), (11, 0.45), (2, 0.45899999999999996), (48, 0.5690000000000001), (20, 0.5790000000000001), (4, 0.75), (50, 0.8266666666666667)]
"\x26\x76\x7D\xF1\x84\x4A\x8A\x6B\x7F\xEA\x47\xFB\x70\x92\xDF\x88"
[12, 7, 4, 23, 22, 21, 23, 25, 4, 28, 4, 0, 0, 3, 23, 26, 30, 13, 2, 12, 6, 4, 28, 3, 14, 20, 8, 19, 6, 21, 2, 16, 18, 8, 24, 28, 25, 15, 11, 22, 20, 9, 22, 9, 30, 10, 12, 3, 15, 10, 27, 26, 19, 9, 9, 14, 21, 13, 5, 3, 24, 15, 25, 2, 12, 2, 0, 14, 21, 15, 16, 22, 31, 21, 23, 28, 16, 3, 21, 22, 15, 15, 15, 0, 25, 3, 8, 26, 1, 11, 19, 15, 19, 30, 6, 24, 7, 22, 4, 28, 8, 4, 19, 29, 25, 15, 6, 3, 26, 11, 5, 20, 2, 6, 5, 1, 13, 25, 20, 28, 18, 6, 28, 22, 3, 6, 16, 25, 17, 2, 10, 31, 17, 5, 8, 21, 12, 21, 8, 11, 9, 13, 5, 25, 6, 28, 6, 8, 27, 2, 4, 31, 10, 27, 26, 10, 3, 2, 27, 26]
[(13, 0.0), (12, 0.03), (4, 0.07), (5, 0.075), (7, 0.08), (28, 0.08833333333333333), (3, 0.10857142857142857), (20, 0.14285714285714285), (14, 0.16), (19, 0.202), (6, 0.215), (8, 0.251), (2, 0.25125000000000003), (21, 0.27399999999999997), (16, 0.282), (22, 0.37333333333333335), (27, 0.425), (24, 0.495), (44, 0.5), (30, 0.565), (11, 0.5970000000000001), (45, 0.87)]
[(59, 0.17), (8, 0.485), (24, 0.5), (28, 0.5125), (15, 0.5333333333333333), (10, 0.55), (55, 0.5533333333333333), (11, 0.5566666666666666), (20, 0.5785714285714285), (23, 0.605), (18, 0.6344444444444444), (25, 0.6449999999999999), (22, 0.6925000000000001), (45, 0.7), (7, 0.74), (6, 0.755), (3, 0.8275), (44, 0.8400000000000001), (12, 0.8500000000000001)]
